date,county,count_new,count_total,death_new,death_total
2020-03-18,Santa Clara,151,151,6,6
2020-03-19,Santa Clara,32,183,2,8
2020-03-20,Santa Clara,63,246,0,8
2020-03-21,Santa Clara,23,269,2,10
2020-03-22,Santa Clara,15,284,3,13
2020-03-23,Santa Clara,52,336,0,13
2020-03-24,Santa Clara,53,389,4,17
2020-03-25,Santa Clara,63,452,3,20
2020-03-26,Santa Clara,35,487,0,20
2020-03-27,Santa Clara,70,557,5,25
2020-03-28,Santa Clara,30,587,2,27
2020-03-29,Santa Clara,4,591,3,30
2020-03-30,Santa Clara,154,745,1,31
2020-03-31,Santa Clara,32,777,-1,30
2020-04-01,Santa Clara,28,805,3,33
2020-04-02,Santa Clara,103,908,5,38
2020-04-03,Santa Clara,75,983,1,39
2020-04-04,Santa Clara,62,1045,0,39
2020-04-05,Santa Clara,7,1052,3,42
2020-04-06,Santa Clara,76,1128,1,43
2020-04-07,Santa Clara,65,1193,3,46
2020-04-08,Santa Clara,64,1257,1,47
2020-04-09,Santa Clara,44,1301,2,49
2020-04-10,Santa Clara,50,1351,3,52
2020-04-11,Santa Clara,90,1441,0,52
2020-04-12,Santa Clara,20,1461,1,53
2020-04-13,Santa Clara,81,1542,7,60
2020-04-14,Santa Clara,19,1561,6,66
2020-04-15,Santa Clara,131,1692,0,66
2020-04-16,Santa Clara,97,1789,3,69
2020-04-17,Santa Clara,45,1834,4,73
2020-04-18,Santa Clara,28,1862,0,73
2020-04-19,Santa Clara,16,1878,6,79
2020-04-20,Santa Clara,42,1920,4,83
2020-04-21,Santa Clara,23,1943,5,88
2020-04-22,Santa Clara,26,1969,6,94
2020-04-23,Santa Clara,27,1996,1,95
2020-04-24,Santa Clara,30,2026,3,98
2020-04-25,Santa Clara,19,2045,1,99
2020-04-26,Santa Clara,52,2097,3,102
2020-04-27,Santa Clara,7,2104,3,105
2020-04-28,Santa Clara,26,2130,1,106
2020-04-29,Santa Clara,17,2147,2,108
2020-04-30,Santa Clara,25,2172,3,111
2020-05-01,Santa Clara,4,2176,2,113
2020-05-02,Santa Clara,27,2203,2,115
2020-05-03,Santa Clara,32,2235,1,116
2020-05-04,Santa Clara,3,2238,3,119
2020-05-05,Santa Clara,11,2249,4,123
2020-05-06,Santa Clara,21,2270,3,126
2020-05-07,Santa Clara,11,2281,1,127
2020-05-08,Santa Clara,4,2285,3,130
2020-05-09,Santa Clara,32,2317,0,130
2020-05-10,Santa Clara,14,2331,0,130
2020-05-11,Santa Clara,9,2340,3,133
2020-05-12,Santa Clara,22,2362,0,133
2020-05-13,Santa Clara,8,2370,2,135
2020-05-14,Santa Clara,10,2380,0,135
2020-05-15,Santa Clara,15,2395,1,136
2020-05-16,Santa Clara,25,2420,0,136
2020-05-17,Santa Clara,33,2453,0,136
2020-05-18,Santa Clara,15,2468,0,136
2020-05-19,Santa Clara,12,2480,3,139
2020-05-20,Santa Clara,28,2508,0,139
2020-05-21,Santa Clara,12,2520,0,139
2020-05-22,Santa Clara,17,2537,0,139
2020-05-23,Santa Clara,56,2593,0,139
2020-05-24,Santa Clara,30,2623,0,139
2020-05-25,Santa Clara,24,2647,1,140
2020-05-26,Santa Clara,12,2659,0,140
2020-05-27,Santa Clara,21,2680,1,141
2020-05-28,Santa Clara,18,2698,0,141
2020-05-29,Santa Clara,9,2707,0,141
2020-05-30,Santa Clara,34,2741,0,141
2020-05-31,Santa Clara,44,2785,3,144
2020-06-01,Santa Clara,12,2797,0,144
2020-06-02,Santa Clara,22,2819,0,144
2020-06-03,Santa Clara,17,2836,0,144
2020-06-04,Santa Clara,35,2871,0,144
2020-06-05,Santa Clara,31,2902,0,144
2020-06-06,Santa Clara,32,2934,0,144
2020-06-07,Santa Clara,13,2947,0,144
2020-06-08,Santa Clara,24,2971,5,149
2020-06-09,Santa Clara,35,3006,0,149
2020-06-10,Santa Clara,26,3032,0,149
2020-06-11,Santa Clara,17,3049,0,149
2020-06-12,Santa Clara,50,3099,1,150
2020-06-13,Santa Clara,42,3141,0,150
2020-06-14,Santa Clara,37,3178,1,151
2020-06-15,Santa Clara,26,3204,1,152
2020-06-16,Santa Clara,24,3228,0,152
2020-06-17,Santa Clara,36,3264,0,152
2020-06-18,Santa Clara,74,3338,0,152
2020-06-19,Santa Clara,38,3376,0,152
2020-06-20,Santa Clara,59,3435,2,154
2020-06-21,Santa Clara,79,3514,0,154
2020-06-22,Santa Clara,66,3580,0,154
2020-06-23,Santa Clara,120,3700,1,155
2020-06-24,Santa Clara,112,3812,0,155
2020-06-25,Santa Clara,71,3883,0,155
2020-06-26,Santa Clara,102,3985,0,155
2020-06-27,Santa Clara,58,4043,0,155
2020-06-28,Santa Clara,150,4193,0,155
2020-06-29,Santa Clara,179,4372,1,156
2020-06-30,Santa Clara,104,4476,1,157
2020-07-01,Santa Clara,69,4545,1,158
2020-07-02,Santa Clara,177,4722,1,159
2020-07-03,Santa Clara,98,4820,1,160
2020-07-04,Santa Clara,225,5045,0,160
2020-07-05,Santa Clara,192,5237,1,161
2020-07-06,Santa Clara,132,5369,3,164
2020-07-07,Santa Clara,69,5438,1,165
2020-07-08,Santa Clara,72,5510,0,165
2020-07-09,Santa Clara,128,5638,1,166
2020-07-10,Santa Clara,181,5819,0,166
2020-07-11,Santa Clara,140,5959,0,166
2020-07-12,Santa Clara,293,6252,0,166
2020-07-13,Santa Clara,236,6488,1,167
2020-07-14,Santa Clara,198,6686,3,170
2020-07-15,Santa Clara,214,6900,3,173
2020-07-16,Santa Clara,90,6990,3,176
2020-07-17,Santa Clara,90,7080,1,177
2020-07-18,Santa Clara,175,7255,0,177
2020-07-19,Santa Clara,148,7403,0,177
2020-07-20,Santa Clara,308,7711,1,178
2020-07-21,Santa Clara,278,7989,0,178
2020-07-22,Santa Clara,277,8266,2,180
2020-07-23,Santa Clara,192,8458,1,181
2020-07-24,Santa Clara,200,8658,2,183
2020-07-25,Santa Clara,109,8767,1,184
2020-07-26,Santa Clara,219,8986,0,184
2020-07-27,Santa Clara,171,9157,0,184
2020-07-28,Santa Clara,150,9307,1,185
2020-07-29,Santa Clara,260,9567,2,187
2020-07-30,Santa Clara,141,9708,3,190
2020-07-31,Santa Clara,155,9863,1,191
2020-08-01,Santa Clara,418,10281,0,191
2020-08-02,Santa Clara,296,10577,0,191
2020-08-03,Santa Clara,170,10747,0,191
2020-08-04,Santa Clara,239,10986,1,192
2020-08-05,Santa Clara,88,11074,4,196
2020-08-06,Santa Clara,206,11280,0,196
2020-08-07,Santa Clara,129,11409,7,203
2020-08-08,Santa Clara,206,11615,1,204
2020-08-09,Santa Clara,263,11878,1,205
2020-08-10,Santa Clara,737,12615,0,205
2020-08-11,Santa Clara,305,12920,2,207
2020-08-12,Santa Clara,82,13002,0,207
2020-08-13,Santa Clara,255,13257,1,208
2020-08-14,Santa Clara,528,13785,0,208
2020-08-15,Santa Clara,320,14105,1,209
2020-08-16,Santa Clara,224,14329,0,209
2020-08-17,Santa Clara,217,14546,0,209
2020-08-18,Santa Clara,240,14786,4,213
2020-08-19,Santa Clara,208,14994,3,216
2020-08-20,Santa Clara,168,15162,1,217
2020-08-21,Santa Clara,237,15399,5,222
2020-08-22,Santa Clara,191,15590,2,224
2020-08-23,Santa Clara,322,15912,0,224
2020-08-24,Santa Clara,137,16049,0,224
2020-08-25,Santa Clara,150,16199,9,233
2020-08-26,Santa Clara,84,16283,4,237
2020-08-27,Santa Clara,212,16495,3,240
2020-08-28,Santa Clara,201,16696,5,245
2020-08-29,Santa Clara,202,16898,-1,244
2020-08-30,Santa Clara,147,17045,0,244
2020-08-31,Santa Clara,166,17211,0,244
2020-09-01,Santa Clara,108,17319,4,248
2020-09-02,Santa Clara,354,17673,2,250
2020-09-03,Santa Clara,206,17879,3,253
2020-09-04,Santa Clara,195,18074,1,254
2020-09-05,Santa Clara,237,18311,3,257
2020-09-06,Santa Clara,184,18495,3,260
2020-09-07,Santa Clara,101,18596,0,260
2020-09-08,Santa Clara,49,18645,0,260
2020-09-09,Santa Clara,114,18759,3,263
2020-09-10,Santa Clara,111,18870,0,263
2020-09-11,Santa Clara,195,19065,13,276
2020-09-12,Santa Clara,265,19330,4,280
2020-09-13,Santa Clara,126,19456,3,283
2020-09-14,Santa Clara,89,19545,0,283
2020-09-15,Santa Clara,65,19610,4,287
2020-09-16,Santa Clara,74,19684,6,293
2020-09-17,Santa Clara,141,19825,2,295
2020-09-18,Santa Clara,233,20058,0,295
2020-09-19,Santa Clara,112,20170,1,296
2020-09-20,Santa Clara,160,20330,0,296
2020-09-21,Santa Clara,102,20432,1,297
2020-09-22,Santa Clara,82,20514,2,299
2020-09-23,Santa Clara,61,20575,1,300
2020-09-24,Santa Clara,114,20689,4,304
2020-09-25,Santa Clara,123,20812,2,306
2020-09-26,Santa Clara,155,20967,5,311
2020-09-27,Santa Clara,124,21091,1,312
2020-09-28,Santa Clara,89,21180,2,314
2020-09-29,Santa Clara,53,21233,4,318
2020-09-30,Santa Clara,85,21318,4,322
2020-10-01,Santa Clara,80,21398,3,325
2020-10-02,Santa Clara,147,21545,5,330
2020-10-03,Santa Clara,127,21672,3,333
2020-10-04,Santa Clara,108,21780,11,344
2020-10-05,Santa Clara,81,21861,1,345
2020-10-06,Santa Clara,53,21914,2,347
2020-10-07,Santa Clara,79,21993,6,353
2020-10-08,Santa Clara,102,22095,1,354
2020-10-09,Santa Clara,156,22251,3,357
2020-10-10,Santa Clara,103,22354,0,357
2020-10-11,Santa Clara,133,22487,0,357
2020-10-12,Santa Clara,91,22578,5,362
2020-10-13,Santa Clara,100,22678,1,363
2020-10-14,Santa Clara,57,22735,0,363
2020-10-15,Santa Clara,73,22808,4,367
2020-10-16,Santa Clara,112,22920,6,373
2020-10-17,Santa Clara,77,22997,0,373
2020-10-18,Santa Clara,172,23169,0,373
2020-10-19,Santa Clara,132,23301,5,378
2020-10-20,Santa Clara,105,23406,4,382
2020-10-21,Santa Clara,131,23537,3,385
2020-10-22,Santa Clara,84,23621,0,385
2020-10-23,Santa Clara,201,23822,3,388
2020-10-24,Santa Clara,156,23978,0,388
2020-10-25,Santa Clara,109,24087,0,388
2020-10-26,Santa Clara,171,24258,0,388
2020-10-27,Santa Clara,110,24368,4,392
2020-10-28,Santa Clara,135,24503,10,402
2020-10-29,Santa Clara,111,24614,2,404
2020-10-30,Santa Clara,197,24811,2,406
2020-10-31,Santa Clara,146,24957,0,406
2020-11-01,Santa Clara,133,25090,0,406
2020-11-02,Santa Clara,132,25222,0,406
2020-11-03,Santa Clara,164,25386,6,412
2020-11-04,Santa Clara,101,25487,9,421
2020-11-05,Santa Clara,164,25651,3,424
2020-11-06,Santa Clara,180,25831,6,430
2020-11-07,Santa Clara,256,26087,0,430
2020-11-08,Santa Clara,355,26442,0,430
2020-11-09,Santa Clara,251,26693,3,433
2020-11-10,Santa Clara,224,26917,3,436
2020-11-11,Santa Clara,158,27075,4,440
2020-11-12,Santa Clara,186,27261,0,440
2020-11-13,Santa Clara,348,27609,4,444
2020-11-14,Santa Clara,353,27962,0,444
2020-11-15,Santa Clara,327,28289,0,444
2020-11-16,Santa Clara,384,28673,1,445
2020-11-17,Santa Clara,340,29013,2,447
2020-11-18,Santa Clara,272,29285,6,453
2020-11-19,Santa Clara,345,29630,6,459
2020-11-20,Santa Clara,372,30002,4,463
2020-11-21,Santa Clara,375,30377,0,463
2020-11-22,Santa Clara,256,30633,0,463
2020-11-23,Santa Clara,431,31064,1,464
2020-11-24,Santa Clara,500,31564,3,467
2020-11-25,Santa Clara,468,32032,3,470
2020-11-26,Santa Clara,379,32411,6,476
2020-11-27,Santa Clara,524,32935,0,476
2020-11-28,Santa Clara,766,33701,0,476
2020-11-29,Santa Clara,533,34234,0,476
2020-11-30,Santa Clara,785,35019,0,476
2020-12-01,Santa Clara,378,35397,6,482
2020-12-02,Santa Clara,481,35878,4,486
2020-12-03,Santa Clara,743,36621,9,495
2020-12-04,Santa Clara,844,37465,8,503
2020-12-05,Santa Clara,874,38339,0,503
2020-12-06,Santa Clara,773,39112,0,503
2020-12-07,Santa Clara,1509,40621,8,511
2020-12-08,Santa Clara,688,41309,1,512
2020-12-09,Santa Clara,1603,42912,3,515
2020-12-10,Santa Clara,1027,43939,4,519
2020-12-11,Santa Clara,1162,45101,7,526
2020-12-12,Santa Clara,791,45892,0,526
2020-12-13,Santa Clara,2028,47920,0,526
2020-12-14,Santa Clara,1260,49180,3,529
2020-12-15,Santa Clara,1131,50311,24,553
2020-12-16,Santa Clara,1191,51502,8,561
2020-12-17,Santa Clara,1057,52559,5,566
2020-12-18,Santa Clara,1433,53992,17,583
2020-12-19,Santa Clara,1548,55540,0,583
2020-12-20,Santa Clara,1320,56860,0,583
2020-12-21,Santa Clara,839,57699,24,607
2020-12-22,Santa Clara,1493,59192,8,615
2020-03-18,San Mateo,57,57,1,1
2020-03-19,San Mateo,1,58,0,1
2020-03-20,San Mateo,13,71,0,1
2020-03-21,San Mateo,7,78,0,1
2020-03-22,San Mateo,4,82,0,1
2020-03-23,San Mateo,6,88,0,1
2020-03-24,San Mateo,12,100,1,2
2020-03-25,San Mateo,11,111,3,5
2020-03-26,San Mateo,11,122,0,5
2020-03-27,San Mateo,91,213,2,7
2020-03-28,San Mateo,18,231,2,9
2020-03-29,San Mateo,3,234,3,12
2020-03-30,San Mateo,23,257,-1,11
2020-03-31,San Mateo,40,297,1,12
2020-04-01,San Mateo,57,354,1,13
2020-04-02,San Mateo,69,423,0,13
2020-04-03,San Mateo,51,474,0,13
2020-04-04,San Mateo,46,520,4,17
2020-04-05,San Mateo,8,528,2,19
2020-04-06,San Mateo,41,569,1,20
2020-04-07,San Mateo,4,573,2,22
2020-04-08,San Mateo,35,608,0,22
2020-04-09,San Mateo,22,630,1,23
2020-04-10,San Mateo,12,642,-2,21
2020-04-11,San Mateo,20,662,4,25
2020-04-12,San Mateo,2,664,0,25
2020-04-13,San Mateo,15,679,0,25
2020-04-14,San Mateo,2,681,0,25
2020-04-15,San Mateo,26,707,0,25
2020-04-16,San Mateo,38,745,0,25
2020-04-17,San Mateo,23,768,3,28
2020-04-18,San Mateo,53,821,0,28
2020-04-19,San Mateo,24,845,3,31
2020-04-20,San Mateo,45,890,0,31
2020-04-21,San Mateo,43,933,0,31
2020-04-22,San Mateo,12,945,8,39
2020-04-23,San Mateo,25,970,0,39
2020-04-24,San Mateo,34,1004,4,43
2020-04-25,San Mateo,50,1054,0,43
2020-04-26,San Mateo,16,1070,3,46
2020-04-27,San Mateo,22,1092,0,46
2020-04-28,San Mateo,37,1129,2,48
2020-04-29,San Mateo,41,1170,2,50
2020-04-30,San Mateo,24,1194,2,52
2020-05-01,San Mateo,28,1222,0,52
2020-05-02,San Mateo,50,1272,0,52
2020-05-03,San Mateo,5,1277,1,53
2020-05-04,San Mateo,36,1313,0,53
2020-05-05,San Mateo,22,1335,3,56
2020-05-06,San Mateo,13,1348,0,56
2020-05-07,San Mateo,50,1398,1,57
2020-05-08,San Mateo,25,1423,5,62
2020-05-09,San Mateo,30,1453,3,65
2020-05-10,San Mateo,10,1463,0,65
2020-05-11,San Mateo,36,1499,0,65
2020-05-12,San Mateo,34,1533,1,66
2020-05-13,San Mateo,17,1550,0,66
2020-05-14,San Mateo,38,1588,0,66
2020-05-15,San Mateo,24,1612,1,67
2020-05-16,San Mateo,40,1652,1,68
2020-05-17,San Mateo,28,1680,0,68
2020-05-18,San Mateo,21,1701,0,68
2020-05-19,San Mateo,3,1704,7,75
2020-05-20,San Mateo,35,1739,0,75
2020-05-21,San Mateo,52,1791,0,75
2020-05-22,San Mateo,56,1847,1,76
2020-05-23,San Mateo,15,1862,0,76
2020-05-24,San Mateo,63,1925,0,76
2020-05-25,San Mateo,13,1938,0,76
2020-05-26,San Mateo,29,1967,6,82
2020-05-27,San Mateo,78,2045,0,82
2020-05-28,San Mateo,25,2070,0,82
2020-05-29,San Mateo,33,2103,2,84
2020-05-30,San Mateo,26,2129,0,84
2020-05-31,San Mateo,40,2169,0,84
2020-06-01,San Mateo,21,2190,0,84
2020-06-02,San Mateo,13,2203,0,84
2020-06-03,San Mateo,40,2243,0,84
2020-06-04,San Mateo,41,2284,0,84
2020-06-05,San Mateo,47,2331,4,88
2020-06-06,San Mateo,11,2342,0,88
2020-06-07,San Mateo,57,2399,0,88
2020-06-08,San Mateo,32,2431,0,88
2020-06-09,San Mateo,32,2463,5,93
2020-06-10,San Mateo,29,2492,0,93
2020-06-11,San Mateo,7,2499,0,93
2020-06-12,San Mateo,34,2533,6,99
2020-06-13,San Mateo,18,2551,0,99
2020-06-14,San Mateo,20,2571,0,99
2020-06-15,San Mateo,20,2591,0,99
2020-06-16,San Mateo,27,2618,0,99
2020-06-17,San Mateo,31,2649,0,99
2020-06-18,San Mateo,25,2674,0,99
2020-06-19,San Mateo,39,2713,4,103
2020-06-20,San Mateo,42,2755,0,103
2020-06-21,San Mateo,26,2781,0,103
2020-06-22,San Mateo,32,2813,0,103
2020-06-23,San Mateo,94,2907,0,103
2020-06-24,San Mateo,57,2964,1,104
2020-06-25,San Mateo,36,3000,0,104
2020-06-26,San Mateo,63,3063,2,106
2020-06-27,San Mateo,33,3096,0,106
2020-06-28,San Mateo,66,3162,0,106
2020-06-29,San Mateo,87,3249,0,106
2020-06-30,San Mateo,57,3306,2,108
2020-07-01,San Mateo,20,3326,0,108
2020-07-02,San Mateo,64,3390,0,108
2020-07-03,San Mateo,49,3439,0,108
2020-07-04,San Mateo,93,3532,0,108
2020-07-05,San Mateo,43,3575,0,108
2020-07-06,San Mateo,75,3650,0,108
2020-07-07,San Mateo,41,3691,3,111
2020-07-08,San Mateo,42,3733,0,111
2020-07-09,San Mateo,59,3792,0,111
2020-07-10,San Mateo,52,3844,1,112
2020-07-11,San Mateo,112,3956,0,112
2020-07-12,San Mateo,32,3988,0,112
2020-07-13,San Mateo,69,4057,0,112
2020-07-14,San Mateo,116,4173,2,114
2020-07-15,San Mateo,85,4258,0,114
2020-07-16,San Mateo,78,4336,0,114
2020-07-17,San Mateo,71,4407,0,114
2020-07-18,San Mateo,81,4488,0,114
2020-07-19,San Mateo,34,4522,0,114
2020-07-20,San Mateo,87,4609,0,114
2020-07-21,San Mateo,124,4733,0,114
2020-07-22,San Mateo,63,4796,0,114
2020-07-23,San Mateo,99,4895,0,114
2020-07-24,San Mateo,59,4954,3,117
2020-07-25,San Mateo,69,5023,0,117
2020-07-26,San Mateo,55,5078,0,117
2020-07-27,San Mateo,30,5108,0,117
2020-07-28,San Mateo,63,5171,1,118
2020-07-29,San Mateo,134,5305,0,118
2020-07-30,San Mateo,64,5369,0,118
2020-07-31,San Mateo,47,5416,1,119
2020-08-01,San Mateo,104,5520,0,119
2020-08-02,San Mateo,98,5618,0,119
2020-08-03,San Mateo,43,5661,0,119
2020-08-04,San Mateo,29,5690,1,120
2020-08-05,San Mateo,5,5695,0,120
2020-08-06,San Mateo,190,5885,0,120
2020-08-07,San Mateo,63,5948,0,120
2020-08-08,San Mateo,73,6021,0,120
2020-08-09,San Mateo,73,6094,0,120
2020-08-10,San Mateo,128,6222,0,120
2020-08-11,San Mateo,117,6339,2,122
2020-08-12,San Mateo,88,6427,0,122
2020-08-13,San Mateo,76,6503,0,122
2020-08-14,San Mateo,152,6655,4,126
2020-08-15,San Mateo,205,6860,0,126
2020-08-16,San Mateo,82,6942,0,126
2020-08-17,San Mateo,45,6987,0,126
2020-08-18,San Mateo,87,7074,1,127
2020-08-19,San Mateo,72,7146,0,127
2020-08-20,San Mateo,42,7188,0,127
2020-08-21,San Mateo,65,7253,1,128
2020-08-22,San Mateo,108,7361,0,128
2020-08-23,San Mateo,89,7450,0,128
2020-08-24,San Mateo,52,7502,0,128
2020-08-25,San Mateo,134,7636,2,130
2020-08-26,San Mateo,19,7655,0,130
2020-08-27,San Mateo,73,7728,0,130
2020-08-28,San Mateo,55,7783,1,131
2020-08-29,San Mateo,145,7928,0,131
2020-08-30,San Mateo,85,8013,0,131
2020-08-31,San Mateo,52,8065,0,131
2020-09-01,San Mateo,67,8132,1,132
2020-09-02,San Mateo,16,8148,0,132
2020-09-03,San Mateo,63,8211,0,132
2020-09-04,San Mateo,64,8275,3,135
2020-09-05,San Mateo,77,8352,0,135
2020-09-06,San Mateo,35,8387,0,135
2020-09-07,San Mateo,22,8409,0,135
2020-09-08,San Mateo,51,8460,1,136
2020-09-09,San Mateo,18,8478,0,136
2020-09-10,San Mateo,51,8529,0,136
2020-09-11,San Mateo,82,8611,3,139
2020-09-12,San Mateo,148,8759,0,139
2020-09-13,San Mateo,52,8811,0,139
2020-09-14,San Mateo,36,8847,0,139
2020-09-15,San Mateo,48,8895,3,142
2020-09-16,San Mateo,49,8944,0,142
2020-09-17,San Mateo,40,8984,0,142
2020-09-18,San Mateo,78,9062,0,142
2020-09-19,San Mateo,96,9158,1,143
2020-09-20,San Mateo,40,9198,0,143
2020-09-21,San Mateo,41,9239,0,143
2020-09-22,San Mateo,52,9291,1,144
2020-09-23,San Mateo,60,9351,0,144
2020-09-24,San Mateo,25,9376,0,144
2020-09-25,San Mateo,71,9447,6,150
2020-09-26,San Mateo,62,9509,0,150
2020-09-27,San Mateo,57,9566,0,150
2020-09-28,San Mateo,16,9582,0,150
2020-09-29,San Mateo,37,9619,0,150
2020-09-30,San Mateo,15,9634,0,150
2020-10-01,San Mateo,47,9681,0,150
2020-10-02,San Mateo,64,9745,2,152
2020-10-03,San Mateo,77,9822,0,152
2020-10-04,San Mateo,36,9858,0,152
2020-10-05,San Mateo,38,9896,0,152
2020-10-06,San Mateo,38,9934,2,154
2020-10-07,San Mateo,46,9980,0,154
2020-10-08,San Mateo,64,10044,0,154
2020-10-09,San Mateo,96,10140,1,155
2020-10-10,San Mateo,78,10218,0,155
2020-10-11,San Mateo,22,10240,0,155
2020-10-12,San Mateo,22,10262,0,155
2020-10-13,San Mateo,24,10286,0,155
2020-10-14,San Mateo,23,10309,0,155
2020-10-15,San Mateo,31,10340,0,155
2020-10-16,San Mateo,65,10405,2,157
2020-10-17,San Mateo,18,10423,0,157
2020-10-18,San Mateo,80,10503,0,157
2020-10-19,San Mateo,65,10568,0,157
2020-10-20,San Mateo,91,10659,0,157
2020-10-21,San Mateo,71,10730,0,157
2020-10-22,San Mateo,66,10796,0,157
2020-10-23,San Mateo,76,10872,2,159
2020-10-24,San Mateo,70,10942,0,159
2020-10-25,San Mateo,45,10987,0,159
2020-10-26,San Mateo,50,11037,0,159
2020-10-27,San Mateo,37,11074,0,159
2020-10-28,San Mateo,27,11101,0,159
2020-10-29,San Mateo,44,11145,0,159
2020-10-30,San Mateo,62,11207,2,161
2020-10-31,San Mateo,46,11253,0,161
2020-11-01,San Mateo,27,11280,0,161
2020-11-02,San Mateo,48,11328,0,161
2020-11-03,San Mateo,78,11406,0,161
2020-11-04,San Mateo,50,11456,0,161
2020-11-05,San Mateo,79,11535,0,161
2020-11-06,San Mateo,52,11587,1,162
2020-11-07,San Mateo,106,11693,0,162
2020-11-08,San Mateo,90,11783,0,162
2020-11-09,San Mateo,74,11857,0,162
2020-11-10,San Mateo,82,11939,3,165
2020-11-11,San Mateo,69,12008,0,165
2020-11-12,San Mateo,78,12086,0,165
2020-11-13,San Mateo,96,12182,3,168
2020-11-14,San Mateo,111,12293,0,168
2020-11-15,San Mateo,55,12348,0,168
2020-11-16,San Mateo,50,12398,0,168
2020-11-17,San Mateo,93,12491,0,168
2020-11-18,San Mateo,140,12631,0,168
2020-11-19,San Mateo,83,12714,0,168
2020-11-20,San Mateo,266,12980,1,169
2020-11-21,San Mateo,158,13138,0,169
2020-11-22,San Mateo,90,13228,0,169
2020-11-23,San Mateo,136,13364,0,169
2020-11-24,San Mateo,194,13558,1,170
2020-11-25,San Mateo,56,13614,0,170
2020-11-26,San Mateo,101,13715,0,170
2020-11-27,San Mateo,157,13872,0,170
2020-11-28,San Mateo,168,14040,0,170
2020-11-29,San Mateo,137,14177,0,170
2020-11-30,San Mateo,99,14276,0,170
2020-12-01,San Mateo,219,14495,0,170
2020-12-02,San Mateo,262,14757,0,170
2020-12-03,San Mateo,152,14909,0,170
2020-12-04,San Mateo,203,15112,6,176
2020-12-05,San Mateo,400,15512,0,176
2020-12-06,San Mateo,343,15855,0,176
2020-12-07,San Mateo,174,16029,0,176
2020-12-08,San Mateo,276,16305,1,177
2020-12-09,San Mateo,117,16422,0,177
2020-12-10,San Mateo,279,16701,0,177
2020-12-11,San Mateo,539,17240,2,179
2020-12-12,San Mateo,334,17574,0,179
2020-12-13,San Mateo,516,18090,0,179
2020-12-14,San Mateo,271,18361,0,179
2020-12-15,San Mateo,546,18907,4,183
2020-12-16,San Mateo,385,19292,0,183
2020-12-17,San Mateo,355,19647,0,183
2020-12-18,San Mateo,324,19971,15,198
2020-12-19,San Mateo,422,20393,0,198
2020-12-20,San Mateo,371,20764,0,198
2020-12-21,San Mateo,271,21035,0,198
2020-12-22,San Mateo,347,21382,5,203
2020-03-18,Santa Barbara,2,2,0,0
2020-03-19,Santa Barbara,3,5,0,0
2020-03-20,Santa Barbara,2,7,0,0
2020-03-21,Santa Barbara,1,8,0,0
2020-03-22,Santa Barbara,8,16,0,0
2020-03-23,Santa Barbara,2,18,0,0
2020-03-24,Santa Barbara,2,20,0,0
2020-03-25,Santa Barbara,5,25,0,0
2020-03-26,Santa Barbara,8,33,0,0
2020-03-27,Santa Barbara,4,37,0,0
2020-03-28,Santa Barbara,12,49,0,0
2020-03-29,Santa Barbara,3,52,0,0
2020-03-30,Santa Barbara,27,79,0,0
2020-03-31,Santa Barbara,10,89,0,0
2020-04-01,Santa Barbara,14,103,0,0
2020-04-02,Santa Barbara,22,125,1,1
2020-04-03,Santa Barbara,29,154,0,1
2020-04-04,Santa Barbara,13,167,0,1
2020-04-05,Santa Barbara,4,171,0,1
2020-04-06,Santa Barbara,18,189,1,2
2020-04-07,Santa Barbara,20,209,0,2
2020-04-08,Santa Barbara,12,221,0,2
2020-04-09,Santa Barbara,11,232,0,2
2020-04-10,Santa Barbara,22,254,0,2
2020-04-11,Santa Barbara,4,258,0,2
2020-04-12,Santa Barbara,3,261,0,2
2020-04-13,Santa Barbara,10,271,0,2
2020-04-14,Santa Barbara,21,292,0,2
2020-04-15,Santa Barbara,25,317,0,2
2020-04-16,Santa Barbara,14,331,0,2
2020-04-17,Santa Barbara,18,349,1,3
2020-04-18,Santa Barbara,23,372,1,4
2020-04-19,Santa Barbara,5,377,0,4
2020-04-20,Santa Barbara,11,388,0,4
2020-04-21,Santa Barbara,26,414,1,5
2020-04-22,Santa Barbara,23,437,0,5
2020-04-23,Santa Barbara,8,445,0,5
2020-04-24,Santa Barbara,5,450,1,6
2020-04-25,Santa Barbara,7,457,1,7
2020-04-26,Santa Barbara,7,464,0,7
2020-04-27,Santa Barbara,2,466,0,7
2020-04-28,Santa Barbara,3,469,0,7
2020-04-29,Santa Barbara,8,477,1,8
2020-04-30,Santa Barbara,13,490,0,8
2020-05-01,Santa Barbara,9,499,0,8
2020-05-02,Santa Barbara,7,506,0,8
2020-05-03,Santa Barbara,6,512,0,8
2020-05-04,Santa Barbara,12,524,1,9
2020-05-05,Santa Barbara,17,541,1,10
2020-05-06,Santa Barbara,24,565,1,11
2020-05-07,Santa Barbara,155,720,0,11
2020-05-08,Santa Barbara,334,1054,0,11
2020-05-09,Santa Barbara,191,1245,0,11
2020-05-10,Santa Barbara,78,1323,0,11
2020-05-11,Santa Barbara,49,1372,0,11
2020-05-12,Santa Barbara,5,1377,0,11
2020-05-13,Santa Barbara,5,1382,0,11
2020-05-14,Santa Barbara,13,1395,0,11
2020-05-15,Santa Barbara,14,1409,0,11
2020-05-16,Santa Barbara,13,1422,0,11
2020-05-17,Santa Barbara,35,1457,0,11
2020-05-18,Santa Barbara,44,1501,0,11
2020-05-19,Santa Barbara,20,1521,0,11
2020-05-20,Santa Barbara,3,1524,0,11
2020-05-21,Santa Barbara,17,1541,0,11
2020-05-22,Santa Barbara,13,1554,1,12
2020-05-23,Santa Barbara,12,1566,0,12
2020-05-24,Santa Barbara,7,1573,0,12
2020-05-25,Santa Barbara,17,1590,0,12
2020-05-26,Santa Barbara,0,1590,0,12
2020-05-27,Santa Barbara,39,1629,0,12
2020-05-28,Santa Barbara,13,1642,0,12
2020-05-29,Santa Barbara,14,1656,0,12
2020-05-30,Santa Barbara,4,1660,0,12
2020-05-31,Santa Barbara,2,1662,0,12
2020-06-01,Santa Barbara,9,1671,0,12
2020-06-02,Santa Barbara,32,1703,2,14
2020-06-03,Santa Barbara,19,1722,0,14
2020-06-04,Santa Barbara,28,1750,0,14
2020-06-05,Santa Barbara,45,1795,1,15
2020-06-06,Santa Barbara,20,1815,0,15
2020-06-07,Santa Barbara,3,1818,0,15
2020-06-08,Santa Barbara,6,1824,0,15
2020-06-09,Santa Barbara,30,1854,0,15
2020-06-10,Santa Barbara,24,1878,1,16
2020-06-11,Santa Barbara,17,1895,0,16
2020-06-12,Santa Barbara,74,1969,0,16
2020-06-13,Santa Barbara,30,1999,2,18
2020-06-14,Santa Barbara,50,2049,0,18
2020-06-15,Santa Barbara,5,2054,0,18
2020-06-16,Santa Barbara,36,2090,3,21
2020-06-17,Santa Barbara,57,2147,1,22
2020-06-18,Santa Barbara,54,2201,0,22
2020-06-19,Santa Barbara,83,2284,0,22
2020-06-20,Santa Barbara,74,2358,0,22
2020-06-21,Santa Barbara,72,2430,0,22
2020-06-22,Santa Barbara,17,2447,5,27
2020-06-23,Santa Barbara,51,2498,0,27
2020-06-24,Santa Barbara,71,2569,0,27
2020-06-25,Santa Barbara,64,2633,1,28
2020-06-26,Santa Barbara,169,2802,0,28
2020-06-27,Santa Barbara,55,2857,0,28
2020-06-28,Santa Barbara,88,2945,0,28
2020-06-29,Santa Barbara,147,3092,1,29
2020-06-30,Santa Barbara,118,3210,0,29
2020-07-01,Santa Barbara,76,3286,0,29
2020-07-02,Santa Barbara,99,3385,0,29
2020-07-03,Santa Barbara,21,3406,0,29
2020-07-04,Santa Barbara,114,3520,0,29
2020-07-05,Santa Barbara,151,3671,0,29
2020-07-06,Santa Barbara,92,3763,0,29
2020-07-07,Santa Barbara,103,3866,1,30
2020-07-08,Santa Barbara,119,3985,-1,29
2020-07-09,Santa Barbara,83,4068,0,29
2020-07-10,Santa Barbara,109,4177,2,31
2020-07-11,Santa Barbara,106,4283,0,31
2020-07-12,Santa Barbara,70,4353,0,31
2020-07-13,Santa Barbara,88,4441,0,31
2020-07-14,Santa Barbara,200,4641,0,31
2020-07-15,Santa Barbara,92,4733,0,31
2020-07-16,Santa Barbara,139,4872,1,32
2020-07-17,Santa Barbara,129,5001,0,32
2020-07-18,Santa Barbara,109,5110,0,32
2020-07-19,Santa Barbara,35,5145,0,32
2020-07-20,Santa Barbara,121,5266,0,32
2020-07-21,Santa Barbara,156,5422,0,32
2020-07-22,Santa Barbara,86,5508,0,32
2020-07-23,Santa Barbara,120,5628,0,32
2020-07-24,Santa Barbara,148,5776,0,32
2020-07-25,Santa Barbara,104,5880,0,32
2020-07-26,Santa Barbara,59,5939,0,32
2020-07-27,Santa Barbara,87,6026,0,32
2020-07-28,Santa Barbara,84,6110,0,32
2020-07-29,Santa Barbara,105,6215,0,32
2020-07-30,Santa Barbara,58,6273,0,32
2020-07-31,Santa Barbara,102,6375,28,60
2020-08-01,Santa Barbara,90,6465,0,60
2020-08-02,Santa Barbara,67,6532,0,60
2020-08-03,Santa Barbara,48,6580,1,61
2020-08-04,Santa Barbara,11,6591,3,64
2020-08-05,Santa Barbara,6,6597,3,67
2020-08-06,Santa Barbara,23,6620,1,68
2020-08-07,Santa Barbara,-111,6509,1,69
2020-08-08,Santa Barbara,89,6598,0,69
2020-08-09,Santa Barbara,71,6669,0,69
2020-08-10,Santa Barbara,200,6869,0,69
2020-08-11,Santa Barbara,73,6942,4,73
2020-08-12,Santa Barbara,107,7049,0,73
2020-08-13,Santa Barbara,80,7129,2,75
2020-08-14,Santa Barbara,173,7302,2,77
2020-08-15,Santa Barbara,36,7338,0,77
2020-08-16,Santa Barbara,30,7368,0,77
2020-08-17,Santa Barbara,70,7438,3,80
2020-08-18,Santa Barbara,34,7472,1,81
2020-08-19,Santa Barbara,27,7499,1,82
2020-08-20,Santa Barbara,72,7571,2,84
2020-08-21,Santa Barbara,74,7645,3,87
2020-08-22,Santa Barbara,40,7685,0,87
2020-08-23,Santa Barbara,40,7725,0,87
2020-08-24,Santa Barbara,59,7784,1,88
2020-08-25,Santa Barbara,70,7854,1,89
2020-08-26,Santa Barbara,50,7904,1,90
2020-08-27,Santa Barbara,30,7934,1,91
2020-08-28,Santa Barbara,67,8001,0,91
2020-08-29,Santa Barbara,51,8052,1,92
2020-08-30,Santa Barbara,36,8088,0,92
2020-08-31,Santa Barbara,36,8124,1,93
2020-09-01,Santa Barbara,18,8142,2,95
2020-09-02,Santa Barbara,64,8206,2,97
2020-09-03,Santa Barbara,71,8277,0,97
2020-09-04,Santa Barbara,63,8340,0,97
2020-09-05,Santa Barbara,64,8404,0,97
2020-09-06,Santa Barbara,30,8434,0,97
2020-09-07,Santa Barbara,45,8479,0,97
2020-09-08,Santa Barbara,9,8488,0,97
2020-09-09,Santa Barbara,40,8528,2,99
2020-09-10,Santa Barbara,24,8552,4,103
2020-09-11,Santa Barbara,40,8592,2,105
2020-09-12,Santa Barbara,50,8642,0,105
2020-09-13,Santa Barbara,48,8690,0,105
2020-09-14,Santa Barbara,2,8692,1,106
2020-09-15,Santa Barbara,32,8724,1,107
2020-09-16,Santa Barbara,40,8764,2,109
2020-09-17,Santa Barbara,15,8779,0,109
2020-09-18,Santa Barbara,45,8824,1,110
2020-09-19,Santa Barbara,38,8862,0,110
2020-09-20,Santa Barbara,18,8880,0,110
2020-09-21,Santa Barbara,31,8911,0,110
2020-09-22,Santa Barbara,16,8927,1,111
2020-09-23,Santa Barbara,25,8952,2,113
2020-09-24,Santa Barbara,36,8988,0,113
2020-09-25,Santa Barbara,38,9026,0,113
2020-09-26,Santa Barbara,35,9061,0,113
2020-09-27,Santa Barbara,29,9090,0,113
2020-09-28,Santa Barbara,31,9121,0,113
2020-09-29,Santa Barbara,28,9149,0,113
2020-09-30,Santa Barbara,37,9186,1,114
2020-10-01,Santa Barbara,29,9215,1,115
2020-10-02,Santa Barbara,19,9234,0,115
2020-10-03,Santa Barbara,22,9256,0,115
2020-10-04,Santa Barbara,20,9276,0,115
2020-10-05,Santa Barbara,33,9309,0,115
2020-10-06,Santa Barbara,22,9331,0,115
2020-10-07,Santa Barbara,19,9350,0,115
2020-10-08,Santa Barbara,24,9374,0,115
2020-10-09,Santa Barbara,22,9396,1,116
2020-10-10,Santa Barbara,21,9417,0,116
2020-10-11,Santa Barbara,23,9440,0,116
2020-10-12,Santa Barbara,22,9462,0,116
2020-10-13,Santa Barbara,27,9489,0,116
2020-10-14,Santa Barbara,20,9509,1,117
2020-10-15,Santa Barbara,17,9526,1,118
2020-10-16,Santa Barbara,23,9549,1,119
2020-10-17,Santa Barbara,39,9588,0,119
2020-10-18,Santa Barbara,20,9608,0,119
2020-10-19,Santa Barbara,24,9632,0,119
2020-10-20,Santa Barbara,32,9664,0,119
2020-10-21,Santa Barbara,17,9681,0,119
2020-10-22,Santa Barbara,29,9710,1,120
2020-10-23,Santa Barbara,41,9751,0,120
2020-10-24,Santa Barbara,30,9781,0,120
2020-10-25,Santa Barbara,33,9814,0,120
2020-10-26,Santa Barbara,13,9827,2,122
2020-10-27,Santa Barbara,47,9874,4,126
2020-10-28,Santa Barbara,-2,9872,0,126
2020-10-29,Santa Barbara,30,9902,0,126
2020-10-30,Santa Barbara,35,9937,2,128
2020-10-31,Santa Barbara,20,9957,0,128
2020-11-01,Santa Barbara,12,9969,0,128
2020-11-02,Santa Barbara,16,9985,1,129
2020-11-03,Santa Barbara,23,10008,0,129
2020-11-04,Santa Barbara,18,10026,1,130
2020-11-05,Santa Barbara,54,10080,0,130
2020-11-06,Santa Barbara,38,10118,1,131
2020-11-07,Santa Barbara,37,10155,0,131
2020-11-08,Santa Barbara,25,10180,0,131
2020-11-09,Santa Barbara,34,10214,0,131
2020-11-10,Santa Barbara,38,10252,0,131
2020-11-11,Santa Barbara,26,10278,0,131
2020-11-12,Santa Barbara,47,10325,0,131
2020-11-13,Santa Barbara,80,10405,0,131
2020-11-14,Santa Barbara,77,10482,0,131
2020-11-15,Santa Barbara,34,10516,0,131
2020-11-16,Santa Barbara,49,10565,2,133
2020-11-17,Santa Barbara,32,10597,0,133
2020-11-18,Santa Barbara,87,10684,0,133
2020-11-19,Santa Barbara,57,10741,0,133
2020-11-20,Santa Barbara,84,10825,0,133
2020-11-21,Santa Barbara,97,10922,0,133
2020-11-22,Santa Barbara,24,10946,0,133
2020-11-23,Santa Barbara,-2,10944,0,133
2020-11-24,Santa Barbara,210,11154,2,135
2020-11-25,Santa Barbara,29,11183,0,135
2020-11-26,Santa Barbara,94,11277,0,135
2020-11-27,Santa Barbara,63,11340,0,135
2020-11-28,Santa Barbara,141,11481,0,135
2020-11-29,Santa Barbara,39,11520,0,135
2020-11-30,Santa Barbara,52,11572,1,136
2020-12-01,Santa Barbara,39,11611,1,137
2020-12-02,Santa Barbara,94,11705,1,138
2020-12-03,Santa Barbara,124,11829,0,138
2020-12-04,Santa Barbara,118,11947,0,138
2020-12-05,Santa Barbara,160,12107,0,138
2020-12-06,Santa Barbara,145,12252,0,138
2020-12-07,Santa Barbara,110,12362,0,138
2020-12-08,Santa Barbara,154,12516,1,139
2020-12-09,Santa Barbara,114,12630,0,139
2020-12-10,Santa Barbara,158,12788,1,140
2020-12-11,Santa Barbara,209,12997,0,140
2020-12-12,Santa Barbara,177,13174,-3,137
2020-12-13,Santa Barbara,75,13249,3,140
2020-12-14,Santa Barbara,338,13587,0,140
2020-12-15,Santa Barbara,195,13782,2,142
2020-12-16,Santa Barbara,184,13966,3,145
2020-12-17,Santa Barbara,241,14207,0,145
2020-12-18,Santa Barbara,154,14361,2,147
2020-12-19,Santa Barbara,306,14667,0,147
2020-12-20,Santa Barbara,150,14817,0,147
2020-12-21,Santa Barbara,171,14988,1,148
2020-12-22,Santa Barbara,201,15189,2,150
2020-03-18,Tuolumne,0,0,0,0
2020-03-19,Tuolumne,0,0,0,0
2020-03-20,Tuolumne,0,0,0,0
2020-03-21,Tuolumne,0,0,0,0
2020-03-22,Tuolumne,0,0,0,0
2020-03-23,Tuolumne,0,0,0,0
2020-03-24,Tuolumne,0,0,0,0
2020-03-25,Tuolumne,0,0,0,0
2020-03-26,Tuolumne,0,0,0,0
2020-03-27,Tuolumne,1,1,0,0
2020-03-28,Tuolumne,0,1,0,0
2020-03-29,Tuolumne,0,1,0,0
2020-03-30,Tuolumne,0,1,0,0
2020-03-31,Tuolumne,0,1,0,0
2020-04-01,Tuolumne,0,1,0,0
2020-04-02,Tuolumne,0,1,0,0
2020-04-03,Tuolumne,0,1,0,0
2020-04-04,Tuolumne,0,1,0,0
2020-04-05,Tuolumne,0,1,0,0
2020-04-06,Tuolumne,0,1,0,0
2020-04-07,Tuolumne,0,1,0,0
2020-04-08,Tuolumne,-1,0,0,0
2020-04-09,Tuolumne,0,0,0,0
2020-04-10,Tuolumne,0,0,0,0
2020-04-11,Tuolumne,0,0,0,0
2020-04-12,Tuolumne,0,0,0,0
2020-04-13,Tuolumne,0,0,0,0
2020-04-14,Tuolumne,0,0,0,0
2020-04-15,Tuolumne,1,1,0,0
2020-04-16,Tuolumne,0,1,0,0
2020-04-17,Tuolumne,1,2,0,0
2020-04-18,Tuolumne,0,2,0,0
2020-04-19,Tuolumne,0,2,0,0
2020-04-20,Tuolumne,0,2,0,0
2020-04-21,Tuolumne,0,2,0,0
2020-04-22,Tuolumne,0,2,0,0
2020-04-23,Tuolumne,0,2,0,0
2020-04-24,Tuolumne,0,2,0,0
2020-04-25,Tuolumne,0,2,0,0
2020-04-26,Tuolumne,1,3,0,0
2020-04-27,Tuolumne,0,3,0,0
2020-04-28,Tuolumne,1,4,0,0
2020-04-29,Tuolumne,0,4,0,0
2020-04-30,Tuolumne,-1,3,0,0
2020-05-01,Tuolumne,0,3,0,0
2020-05-02,Tuolumne,0,3,0,0
2020-05-03,Tuolumne,0,3,0,0
2020-05-04,Tuolumne,0,3,0,0
2020-05-05,Tuolumne,-1,2,0,0
2020-05-06,Tuolumne,0,2,0,0
2020-05-07,Tuolumne,0,2,0,0
2020-05-08,Tuolumne,0,2,0,0
2020-05-09,Tuolumne,0,2,0,0
2020-05-10,Tuolumne,0,2,0,0
2020-05-11,Tuolumne,0,2,0,0
2020-05-12,Tuolumne,0,2,0,0
2020-05-13,Tuolumne,0,2,0,0
2020-05-14,Tuolumne,0,2,0,0
2020-05-15,Tuolumne,0,2,0,0
2020-05-16,Tuolumne,0,2,0,0
2020-05-17,Tuolumne,0,2,0,0
2020-05-18,Tuolumne,0,2,0,0
2020-05-19,Tuolumne,0,2,0,0
2020-05-20,Tuolumne,0,2,0,0
2020-05-21,Tuolumne,0,2,0,0
2020-05-22,Tuolumne,0,2,0,0
2020-05-23,Tuolumne,0,2,0,0
2020-05-24,Tuolumne,0,2,0,0
2020-05-25,Tuolumne,0,2,0,0
2020-05-26,Tuolumne,0,2,0,0
2020-05-27,Tuolumne,2,4,0,0
2020-05-28,Tuolumne,0,4,0,0
2020-05-29,Tuolumne,0,4,0,0
2020-05-30,Tuolumne,0,4,0,0
2020-05-31,Tuolumne,0,4,0,0
2020-06-01,Tuolumne,0,4,0,0
2020-06-02,Tuolumne,0,4,0,0
2020-06-03,Tuolumne,0,4,0,0
2020-06-04,Tuolumne,0,4,0,0
2020-06-05,Tuolumne,0,4,0,0
2020-06-06,Tuolumne,0,4,0,0
2020-06-07,Tuolumne,0,4,0,0
2020-06-08,Tuolumne,4,8,0,0
2020-06-09,Tuolumne,0,8,0,0
2020-06-10,Tuolumne,-1,7,0,0
2020-06-11,Tuolumne,0,7,0,0
2020-06-12,Tuolumne,0,7,0,0
2020-06-13,Tuolumne,0,7,0,0
2020-06-14,Tuolumne,0,7,0,0
2020-06-15,Tuolumne,0,7,0,0
2020-06-16,Tuolumne,0,7,0,0
2020-06-17,Tuolumne,0,7,0,0
2020-06-18,Tuolumne,1,8,0,0
2020-06-19,Tuolumne,0,8,0,0
2020-06-20,Tuolumne,0,8,0,0
2020-06-21,Tuolumne,0,8,0,0
2020-06-22,Tuolumne,0,8,0,0
2020-06-23,Tuolumne,1,9,0,0
2020-06-24,Tuolumne,0,9,0,0
2020-06-25,Tuolumne,1,10,0,0
2020-06-26,Tuolumne,0,10,0,0
2020-06-27,Tuolumne,3,13,0,0
2020-06-28,Tuolumne,1,14,0,0
2020-06-29,Tuolumne,2,16,0,0
2020-06-30,Tuolumne,0,16,0,0
2020-07-01,Tuolumne,6,22,0,0
2020-07-02,Tuolumne,1,23,0,0
2020-07-03,Tuolumne,4,27,0,0
2020-07-04,Tuolumne,3,30,0,0
2020-07-05,Tuolumne,0,30,0,0
2020-07-06,Tuolumne,0,30,0,0
2020-07-07,Tuolumne,10,40,0,0
2020-07-08,Tuolumne,2,42,0,0
2020-07-09,Tuolumne,5,47,0,0
2020-07-10,Tuolumne,2,49,0,0
2020-07-11,Tuolumne,1,50,0,0
2020-07-12,Tuolumne,2,52,0,0
2020-07-13,Tuolumne,4,56,0,0
2020-07-14,Tuolumne,12,68,0,0
2020-07-15,Tuolumne,0,68,0,0
2020-07-16,Tuolumne,3,71,0,0
2020-07-17,Tuolumne,2,73,0,0
2020-07-18,Tuolumne,2,75,0,0
2020-07-19,Tuolumne,0,75,0,0
2020-07-20,Tuolumne,0,75,0,0
2020-07-21,Tuolumne,0,75,0,0
2020-07-22,Tuolumne,16,91,0,0
2020-07-23,Tuolumne,2,93,0,0
2020-07-24,Tuolumne,6,99,0,0
2020-07-25,Tuolumne,0,99,0,0
2020-07-26,Tuolumne,14,113,0,0
2020-07-27,Tuolumne,2,115,2,2
2020-07-28,Tuolumne,1,116,0,2
2020-07-29,Tuolumne,2,118,0,2
2020-07-30,Tuolumne,1,119,0,2
2020-07-31,Tuolumne,1,120,0,2
2020-08-01,Tuolumne,3,123,0,2
2020-08-02,Tuolumne,0,123,0,2
2020-08-03,Tuolumne,0,123,0,2
2020-08-04,Tuolumne,4,127,0,2
2020-08-05,Tuolumne,10,137,0,2
2020-08-06,Tuolumne,-1,136,0,2
2020-08-07,Tuolumne,0,136,0,2
2020-08-08,Tuolumne,7,143,0,2
2020-08-09,Tuolumne,0,143,0,2
2020-08-10,Tuolumne,0,143,0,2
2020-08-11,Tuolumne,3,146,0,2
2020-08-12,Tuolumne,4,150,0,2
2020-08-13,Tuolumne,2,152,0,2
2020-08-14,Tuolumne,3,155,0,2
2020-08-15,Tuolumne,0,155,0,2
2020-08-16,Tuolumne,1,156,0,2
2020-08-17,Tuolumne,1,157,0,2
2020-08-18,Tuolumne,2,159,0,2
2020-08-19,Tuolumne,0,159,0,2
2020-08-20,Tuolumne,0,159,0,2
2020-08-21,Tuolumne,2,161,0,2
2020-08-22,Tuolumne,1,162,0,2
2020-08-23,Tuolumne,2,164,0,2
2020-08-24,Tuolumne,6,170,0,2
2020-08-25,Tuolumne,2,172,0,2
2020-08-26,Tuolumne,0,172,0,2
2020-08-27,Tuolumne,2,174,0,2
2020-08-28,Tuolumne,2,176,0,2
2020-08-29,Tuolumne,2,178,0,2
2020-08-30,Tuolumne,0,178,0,2
2020-08-31,Tuolumne,0,178,0,2
2020-09-01,Tuolumne,5,183,0,2
2020-09-02,Tuolumne,7,190,0,2
2020-09-03,Tuolumne,3,193,0,2
2020-09-04,Tuolumne,0,193,0,2
2020-09-05,Tuolumne,1,194,0,2
2020-09-06,Tuolumne,0,194,0,2
2020-09-07,Tuolumne,2,196,0,2
2020-09-08,Tuolumne,1,197,0,2
2020-09-09,Tuolumne,7,204,1,3
2020-09-10,Tuolumne,1,205,0,3
2020-09-11,Tuolumne,3,208,0,3
2020-09-12,Tuolumne,0,208,0,3
2020-09-13,Tuolumne,0,208,0,3
2020-09-14,Tuolumne,0,208,0,3
2020-09-15,Tuolumne,1,209,0,3
2020-09-16,Tuolumne,1,210,0,3
2020-09-17,Tuolumne,4,214,1,4
2020-09-18,Tuolumne,2,216,0,4
2020-09-19,Tuolumne,1,217,0,4
2020-09-20,Tuolumne,4,221,0,4
2020-09-21,Tuolumne,0,221,0,4
2020-09-22,Tuolumne,3,224,0,4
2020-09-23,Tuolumne,-1,223,0,4
2020-09-24,Tuolumne,1,224,0,4
2020-09-25,Tuolumne,-1,223,0,4
2020-09-26,Tuolumne,0,223,0,4
2020-09-27,Tuolumne,1,224,0,4
2020-09-28,Tuolumne,1,225,0,4
2020-09-29,Tuolumne,-1,224,0,4
2020-09-30,Tuolumne,0,224,0,4
2020-10-01,Tuolumne,-1,223,0,4
2020-10-02,Tuolumne,2,225,0,4
2020-10-03,Tuolumne,-1,224,0,4
2020-10-04,Tuolumne,2,226,0,4
2020-10-05,Tuolumne,0,226,0,4
2020-10-06,Tuolumne,1,227,0,4
2020-10-07,Tuolumne,0,227,0,4
2020-10-08,Tuolumne,3,230,0,4
2020-10-09,Tuolumne,0,230,0,4
2020-10-10,Tuolumne,3,233,0,4
2020-10-11,Tuolumne,1,234,0,4
2020-10-12,Tuolumne,0,234,0,4
2020-10-13,Tuolumne,1,235,0,4
2020-10-14,Tuolumne,1,236,0,4
2020-10-15,Tuolumne,0,236,0,4
2020-10-16,Tuolumne,1,237,0,4
2020-10-17,Tuolumne,4,241,0,4
2020-10-18,Tuolumne,4,245,0,4
2020-10-19,Tuolumne,2,247,0,4
2020-10-20,Tuolumne,3,250,0,4
2020-10-21,Tuolumne,1,251,0,4
2020-10-22,Tuolumne,1,252,0,4
2020-10-23,Tuolumne,2,254,0,4
2020-10-24,Tuolumne,15,269,0,4
2020-10-25,Tuolumne,2,271,0,4
2020-10-26,Tuolumne,0,271,0,4
2020-10-27,Tuolumne,4,275,0,4
2020-10-28,Tuolumne,2,277,1,5
2020-10-29,Tuolumne,2,279,1,6
2020-10-30,Tuolumne,7,286,0,6
2020-10-31,Tuolumne,4,290,0,6
2020-11-01,Tuolumne,5,295,0,6
2020-11-02,Tuolumne,7,302,0,6
2020-11-03,Tuolumne,0,302,0,6
2020-11-04,Tuolumne,8,310,1,7
2020-11-05,Tuolumne,2,312,0,7
2020-11-06,Tuolumne,4,316,1,8
2020-11-07,Tuolumne,-1,315,0,8
2020-11-08,Tuolumne,26,341,0,8
2020-11-09,Tuolumne,5,346,0,8
2020-11-10,Tuolumne,7,353,0,8
2020-11-11,Tuolumne,1,354,0,8
2020-11-12,Tuolumne,-1,353,0,8
2020-11-13,Tuolumne,74,427,0,8
2020-11-14,Tuolumne,21,448,0,8
2020-11-15,Tuolumne,38,486,0,8
2020-11-16,Tuolumne,57,543,0,8
2020-11-17,Tuolumne,25,568,0,8
2020-11-18,Tuolumne,22,590,0,8
2020-11-19,Tuolumne,12,602,0,8
2020-11-20,Tuolumne,60,662,0,8
2020-11-21,Tuolumne,28,690,0,8
2020-11-22,Tuolumne,-1,689,0,8
2020-11-23,Tuolumne,85,774,0,8
2020-11-24,Tuolumne,58,832,0,8
2020-11-25,Tuolumne,10,842,0,8
2020-11-26,Tuolumne,29,871,0,8
2020-11-27,Tuolumne,10,881,0,8
2020-11-28,Tuolumne,95,976,0,8
2020-11-29,Tuolumne,12,988,0,8
2020-11-30,Tuolumne,39,1027,0,8
2020-12-01,Tuolumne,25,1052,1,9
2020-12-02,Tuolumne,24,1076,0,9
2020-12-03,Tuolumne,29,1105,2,11
2020-12-04,Tuolumne,29,1134,1,12
2020-12-05,Tuolumne,46,1180,0,12
2020-12-06,Tuolumne,30,1210,1,13
2020-12-07,Tuolumne,46,1256,0,13
2020-12-08,Tuolumne,8,1264,1,14
2020-12-09,Tuolumne,55,1319,1,15
2020-12-10,Tuolumne,132,1451,1,16
2020-12-11,Tuolumne,59,1510,1,17
2020-12-12,Tuolumne,26,1536,0,17
2020-12-13,Tuolumne,75,1611,0,17
2020-12-14,Tuolumne,36,1647,2,19
2020-12-15,Tuolumne,227,1874,0,19
2020-12-16,Tuolumne,67,1941,0,19
2020-12-17,Tuolumne,51,1992,0,19
2020-12-18,Tuolumne,75,2067,0,19
2020-12-19,Tuolumne,40,2107,0,19
2020-12-20,Tuolumne,45,2152,1,20
2020-12-21,Tuolumne,271,2423,0,20
2020-12-22,Tuolumne,103,2526,0,20
2020-03-18,Sierra,0,0,0,0
2020-03-19,Sierra,0,0,0,0
2020-03-20,Sierra,0,0,0,0
2020-03-21,Sierra,0,0,0,0
2020-03-22,Sierra,0,0,0,0
2020-03-23,Sierra,0,0,0,0
2020-03-24,Sierra,0,0,0,0
2020-03-25,Sierra,0,0,0,0
2020-03-26,Sierra,0,0,0,0
2020-03-27,Sierra,0,0,0,0
2020-03-28,Sierra,0,0,0,0
2020-03-29,Sierra,0,NA,0,NA
2020-03-31,Sierra,0,0,0,0
2020-04-01,Sierra,0,0,0,0
2020-04-02,Sierra,0,0,0,0
2020-04-03,Sierra,0,0,0,0
2020-04-04,Sierra,0,0,0,0
2020-04-05,Sierra,0,0,0,0
2020-04-06,Sierra,0,0,0,0
2020-04-07,Sierra,0,0,0,0
2020-04-08,Sierra,0,0,0,0
2020-04-09,Sierra,0,0,0,0
2020-04-10,Sierra,0,0,0,0
2020-04-11,Sierra,0,0,0,0
2020-04-12,Sierra,0,0,0,0
2020-04-13,Sierra,0,0,0,0
2020-04-14,Sierra,0,0,0,0
2020-04-15,Sierra,0,0,0,0
2020-04-16,Sierra,0,0,0,0
2020-04-17,Sierra,0,0,0,0
2020-04-18,Sierra,0,0,0,0
2020-04-19,Sierra,0,0,0,0
2020-04-20,Sierra,0,0,0,0
2020-04-21,Sierra,0,0,0,0
2020-04-22,Sierra,0,0,0,0
2020-04-23,Sierra,0,0,0,0
2020-04-24,Sierra,0,0,0,0
2020-04-25,Sierra,0,0,0,0
2020-04-26,Sierra,0,0,0,0
2020-04-27,Sierra,0,0,0,0
2020-04-28,Sierra,0,0,0,0
2020-04-29,Sierra,0,0,0,0
2020-04-30,Sierra,0,0,0,0
2020-05-01,Sierra,0,0,0,0
2020-05-02,Sierra,0,0,0,0
2020-05-03,Sierra,0,0,0,0
2020-05-04,Sierra,0,0,0,0
2020-05-05,Sierra,0,0,0,0
2020-05-06,Sierra,0,0,0,0
2020-05-07,Sierra,0,0,0,0
2020-05-08,Sierra,0,0,0,0
2020-05-09,Sierra,0,0,0,0
2020-05-10,Sierra,0,0,0,0
2020-05-11,Sierra,0,0,0,0
2020-05-12,Sierra,0,0,0,0
2020-05-13,Sierra,0,0,0,0
2020-05-14,Sierra,0,0,0,0
2020-05-15,Sierra,0,0,0,0
2020-05-16,Sierra,0,0,0,0
2020-05-17,Sierra,0,0,0,0
2020-05-18,Sierra,0,0,0,0
2020-05-19,Sierra,0,0,0,0
2020-05-20,Sierra,0,0,0,0
2020-05-21,Sierra,0,0,0,0
2020-05-22,Sierra,0,0,0,0
2020-05-23,Sierra,1,1,0,0
2020-05-24,Sierra,0,1,0,0
2020-05-25,Sierra,0,1,0,0
2020-05-26,Sierra,0,1,0,0
2020-05-27,Sierra,0,1,0,0
2020-05-28,Sierra,0,1,0,0
2020-05-29,Sierra,0,1,0,0
2020-05-30,Sierra,0,1,0,0
2020-05-31,Sierra,0,1,0,0
2020-06-01,Sierra,0,1,0,0
2020-06-02,Sierra,0,1,0,0
2020-06-03,Sierra,0,1,0,0
2020-06-04,Sierra,0,1,0,0
2020-06-05,Sierra,0,1,0,0
2020-06-06,Sierra,0,1,0,0
2020-06-07,Sierra,0,1,0,0
2020-06-08,Sierra,0,1,0,0
2020-06-09,Sierra,0,1,0,0
2020-06-10,Sierra,0,1,0,0
2020-06-11,Sierra,0,1,0,0
2020-06-12,Sierra,0,1,0,0
2020-06-13,Sierra,0,1,0,0
2020-06-14,Sierra,0,1,0,0
2020-06-15,Sierra,0,1,0,0
2020-06-16,Sierra,0,1,0,0
2020-06-17,Sierra,0,1,0,0
2020-06-18,Sierra,0,1,0,0
2020-06-19,Sierra,0,1,0,0
2020-06-20,Sierra,0,1,0,0
2020-06-21,Sierra,0,1,0,0
2020-06-22,Sierra,0,1,0,0
2020-06-23,Sierra,0,1,0,0
2020-06-24,Sierra,0,1,0,0
2020-06-25,Sierra,0,1,0,0
2020-06-26,Sierra,0,1,0,0
2020-06-27,Sierra,0,1,0,0
2020-06-28,Sierra,0,1,0,0
2020-06-29,Sierra,0,1,0,0
2020-06-30,Sierra,0,1,0,0
2020-07-01,Sierra,0,1,0,0
2020-07-02,Sierra,0,1,0,0
2020-07-03,Sierra,0,1,0,0
2020-07-04,Sierra,0,1,0,0
2020-07-05,Sierra,0,1,0,0
2020-07-06,Sierra,0,1,0,0
2020-07-07,Sierra,0,1,0,0
2020-07-08,Sierra,0,1,0,0
2020-07-09,Sierra,0,1,0,0
2020-07-10,Sierra,0,1,0,0
2020-07-11,Sierra,0,1,0,0
2020-07-12,Sierra,0,1,0,0
2020-07-13,Sierra,0,1,0,0
2020-07-14,Sierra,0,1,0,0
2020-07-15,Sierra,0,1,0,0
2020-07-16,Sierra,0,1,0,0
2020-07-17,Sierra,0,1,0,0
2020-07-18,Sierra,0,1,0,0
2020-07-19,Sierra,0,1,0,0
2020-07-20,Sierra,0,1,0,0
2020-07-21,Sierra,0,1,0,0
2020-07-22,Sierra,0,1,0,0
2020-07-23,Sierra,0,1,0,0
2020-07-24,Sierra,0,1,0,0
2020-07-25,Sierra,0,1,0,0
2020-07-26,Sierra,0,1,0,0
2020-07-27,Sierra,0,1,0,0
2020-07-28,Sierra,0,1,0,0
2020-07-29,Sierra,0,1,0,0
2020-07-30,Sierra,0,1,0,0
2020-07-31,Sierra,0,1,0,0
2020-08-01,Sierra,0,1,0,0
2020-08-02,Sierra,0,1,0,0
2020-08-03,Sierra,0,1,0,0
2020-08-04,Sierra,0,1,0,0
2020-08-05,Sierra,2,3,0,0
2020-08-06,Sierra,0,3,0,0
2020-08-07,Sierra,0,3,0,0
2020-08-08,Sierra,0,3,0,0
2020-08-09,Sierra,0,3,0,0
2020-08-10,Sierra,0,3,0,0
2020-08-11,Sierra,1,4,0,0
2020-08-12,Sierra,0,4,0,0
2020-08-13,Sierra,1,5,0,0
2020-08-14,Sierra,0,5,0,0
2020-08-15,Sierra,1,6,0,0
2020-08-16,Sierra,0,6,0,0
2020-08-17,Sierra,0,6,0,0
2020-08-18,Sierra,0,6,0,0
2020-08-19,Sierra,0,6,0,0
2020-08-20,Sierra,0,6,0,0
2020-08-21,Sierra,0,6,0,0
2020-08-22,Sierra,0,6,0,0
2020-08-23,Sierra,0,6,0,0
2020-08-24,Sierra,0,6,0,0
2020-08-25,Sierra,0,6,0,0
2020-08-26,Sierra,0,6,0,0
2020-08-27,Sierra,0,6,0,0
2020-08-28,Sierra,0,6,0,0
2020-08-29,Sierra,0,6,0,0
2020-08-30,Sierra,0,6,0,0
2020-08-31,Sierra,0,6,0,0
2020-09-01,Sierra,0,6,0,0
2020-09-02,Sierra,0,6,0,0
2020-09-03,Sierra,0,6,0,0
2020-09-04,Sierra,0,6,0,0
2020-09-05,Sierra,0,6,0,0
2020-09-06,Sierra,0,6,0,0
2020-09-07,Sierra,0,6,0,0
2020-09-08,Sierra,0,6,0,0
2020-09-09,Sierra,0,6,0,0
2020-09-10,Sierra,0,6,0,0
2020-09-11,Sierra,0,6,0,0
2020-09-12,Sierra,0,6,0,0
2020-09-13,Sierra,0,6,0,0
2020-09-14,Sierra,0,6,0,0
2020-09-15,Sierra,0,6,0,0
2020-09-16,Sierra,0,6,0,0
2020-09-17,Sierra,0,6,0,0
2020-09-18,Sierra,0,6,0,0
2020-09-19,Sierra,0,6,0,0
2020-09-20,Sierra,0,6,0,0
2020-09-21,Sierra,0,6,0,0
2020-09-22,Sierra,0,6,0,0
2020-09-23,Sierra,0,6,0,0
2020-09-24,Sierra,0,6,0,0
2020-09-25,Sierra,0,6,0,0
2020-09-26,Sierra,0,6,0,0
2020-09-27,Sierra,0,6,0,0
2020-09-28,Sierra,0,6,0,0
2020-09-29,Sierra,0,6,0,0
2020-09-30,Sierra,0,6,0,0
2020-10-01,Sierra,0,6,0,0
2020-10-02,Sierra,0,6,0,0
2020-10-03,Sierra,0,6,0,0
2020-10-04,Sierra,0,6,0,0
2020-10-05,Sierra,0,6,0,0
2020-10-06,Sierra,0,6,0,0
2020-10-07,Sierra,0,6,0,0
2020-10-08,Sierra,0,6,0,0
2020-10-09,Sierra,0,6,0,0
2020-10-10,Sierra,0,6,0,0
2020-10-11,Sierra,0,6,0,0
2020-10-12,Sierra,0,6,0,0
2020-10-13,Sierra,0,6,0,0
2020-10-14,Sierra,0,6,0,0
2020-10-15,Sierra,0,6,0,0
2020-10-16,Sierra,0,6,0,0
2020-10-17,Sierra,0,6,0,0
2020-10-18,Sierra,0,6,0,0
2020-10-19,Sierra,0,6,0,0
2020-10-20,Sierra,0,6,0,0
2020-10-21,Sierra,0,6,0,0
2020-10-22,Sierra,0,6,0,0
2020-10-23,Sierra,0,6,0,0
2020-10-24,Sierra,0,6,0,0
2020-10-25,Sierra,0,6,0,0
2020-10-26,Sierra,0,6,0,0
2020-10-27,Sierra,0,6,0,0
2020-10-28,Sierra,0,6,0,0
2020-10-29,Sierra,0,6,0,0
2020-10-30,Sierra,0,6,0,0
2020-10-31,Sierra,0,6,0,0
2020-11-01,Sierra,0,6,0,0
2020-11-02,Sierra,0,6,0,0
2020-11-03,Sierra,0,6,0,0
2020-11-04,Sierra,0,6,0,0
2020-11-05,Sierra,0,6,0,0
2020-11-06,Sierra,1,7,0,0
2020-11-07,Sierra,0,7,0,0
2020-11-08,Sierra,0,7,0,0
2020-11-09,Sierra,3,10,0,0
2020-11-10,Sierra,0,10,0,0
2020-11-11,Sierra,1,11,0,0
2020-11-12,Sierra,0,11,0,0
2020-11-13,Sierra,0,11,0,0
2020-11-14,Sierra,0,11,0,0
2020-11-15,Sierra,0,11,0,0
2020-11-16,Sierra,0,11,0,0
2020-11-17,Sierra,0,11,0,0
2020-11-18,Sierra,0,11,0,0
2020-11-19,Sierra,0,11,0,0
2020-11-20,Sierra,1,12,0,0
2020-11-21,Sierra,1,13,0,0
2020-11-22,Sierra,0,13,0,0
2020-11-23,Sierra,2,15,0,0
2020-11-24,Sierra,0,15,0,0
2020-11-25,Sierra,0,15,0,0
2020-11-26,Sierra,0,15,0,0
2020-11-27,Sierra,1,16,0,0
2020-11-28,Sierra,0,16,0,0
2020-11-29,Sierra,0,16,0,0
2020-11-30,Sierra,0,16,0,0
2020-12-01,Sierra,1,17,0,0
2020-12-02,Sierra,0,17,0,0
2020-12-03,Sierra,0,17,0,0
2020-12-04,Sierra,0,17,0,0
2020-12-05,Sierra,0,17,0,0
2020-12-06,Sierra,0,17,0,0
2020-12-07,Sierra,1,18,0,0
2020-12-08,Sierra,0,18,0,0
2020-12-09,Sierra,0,18,0,0
2020-12-10,Sierra,0,18,0,0
2020-12-11,Sierra,1,19,0,0
2020-12-12,Sierra,2,21,0,0
2020-12-13,Sierra,0,21,0,0
2020-12-14,Sierra,0,21,0,0
2020-12-15,Sierra,2,23,0,0
2020-12-16,Sierra,0,23,0,0
2020-12-17,Sierra,0,23,0,0
2020-12-18,Sierra,0,23,0,0
2020-12-19,Sierra,0,23,0,0
2020-12-20,Sierra,-1,22,0,0
2020-12-21,Sierra,1,23,0,0
2020-12-22,Sierra,0,23,0,0
2020-03-18,Placer,8,8,1,1
2020-03-19,Placer,0,8,0,1
2020-03-20,Placer,1,9,0,1
2020-03-21,Placer,2,11,0,1
2020-03-22,Placer,7,18,0,1
2020-03-23,Placer,1,19,0,1
2020-03-24,Placer,3,22,0,1
2020-03-25,Placer,8,30,0,1
2020-03-26,Placer,4,34,0,1
2020-03-27,Placer,-1,33,0,1
2020-03-28,Placer,2,35,0,1
2020-03-29,Placer,0,35,1,2
2020-03-30,Placer,9,44,0,2
2020-03-31,Placer,5,49,0,2
2020-04-01,Placer,3,52,0,2
2020-04-02,Placer,20,72,0,2
2020-04-03,Placer,4,76,0,2
2020-04-04,Placer,11,87,0,2
2020-04-05,Placer,-1,86,1,3
2020-04-06,Placer,4,90,0,3
2020-04-07,Placer,4,94,0,3
2020-04-08,Placer,8,102,1,4
2020-04-09,Placer,5,107,0,4
2020-04-10,Placer,5,112,3,7
2020-04-11,Placer,1,113,0,7
2020-04-12,Placer,1,114,0,7
2020-04-13,Placer,2,116,0,7
2020-04-14,Placer,1,117,0,7
2020-04-15,Placer,6,123,0,7
2020-04-16,Placer,6,129,1,8
2020-04-17,Placer,1,130,0,8
2020-04-18,Placer,0,130,0,8
2020-04-19,Placer,1,131,0,8
2020-04-20,Placer,1,132,0,8
2020-04-21,Placer,1,133,0,8
2020-04-22,Placer,0,133,0,8
2020-04-23,Placer,3,136,0,8
2020-04-24,Placer,1,137,0,8
2020-04-25,Placer,0,137,0,8
2020-04-26,Placer,4,141,0,8
2020-04-27,Placer,1,142,0,8
2020-04-28,Placer,1,143,0,8
2020-04-29,Placer,2,145,0,8
2020-04-30,Placer,3,148,0,8
2020-05-01,Placer,1,149,0,8
2020-05-02,Placer,1,150,0,8
2020-05-03,Placer,11,161,0,8
2020-05-04,Placer,1,162,0,8
2020-05-05,Placer,0,162,0,8
2020-05-06,Placer,2,164,0,8
2020-05-07,Placer,1,165,0,8
2020-05-08,Placer,1,166,0,8
2020-05-09,Placer,2,168,0,8
2020-05-10,Placer,0,168,0,8
2020-05-11,Placer,2,170,0,8
2020-05-12,Placer,0,170,0,8
2020-05-13,Placer,0,170,1,9
2020-05-14,Placer,2,172,0,9
2020-05-15,Placer,2,174,0,9
2020-05-16,Placer,0,174,0,9
2020-05-17,Placer,1,175,0,9
2020-05-18,Placer,1,176,0,9
2020-05-19,Placer,1,177,0,9
2020-05-20,Placer,-1,176,0,9
2020-05-21,Placer,0,176,0,9
2020-05-22,Placer,5,181,0,9
2020-05-23,Placer,3,184,0,9
2020-05-24,Placer,0,184,0,9
2020-05-25,Placer,2,186,0,9
2020-05-26,Placer,2,188,0,9
2020-05-27,Placer,8,196,0,9
2020-05-28,Placer,0,196,0,9
2020-05-29,Placer,3,199,0,9
2020-05-30,Placer,0,199,0,9
2020-05-31,Placer,16,215,0,9
2020-06-01,Placer,3,218,0,9
2020-06-02,Placer,8,226,0,9
2020-06-03,Placer,17,243,0,9
2020-06-04,Placer,13,256,0,9
2020-06-05,Placer,9,265,0,9
2020-06-06,Placer,5,270,0,9
2020-06-07,Placer,3,273,0,9
2020-06-08,Placer,17,290,0,9
2020-06-09,Placer,11,301,0,9
2020-06-10,Placer,8,309,0,9
2020-06-11,Placer,12,321,0,9
2020-06-12,Placer,12,333,0,9
2020-06-13,Placer,13,346,0,9
2020-06-14,Placer,23,369,0,9
2020-06-15,Placer,17,386,0,9
2020-06-16,Placer,6,392,0,9
2020-06-17,Placer,35,427,0,9
2020-06-18,Placer,30,457,0,9
2020-06-19,Placer,7,464,0,9
2020-06-20,Placer,19,483,0,9
2020-06-21,Placer,15,498,0,9
2020-06-22,Placer,14,512,0,9
2020-06-23,Placer,13,525,1,10
2020-06-24,Placer,23,548,0,10
2020-06-25,Placer,30,578,0,10
2020-06-26,Placer,11,589,1,11
2020-06-27,Placer,2,591,0,11
2020-06-28,Placer,45,636,0,11
2020-06-29,Placer,32,668,0,11
2020-06-30,Placer,29,697,0,11
2020-07-01,Placer,16,713,0,11
2020-07-02,Placer,27,740,0,11
2020-07-03,Placer,5,745,0,11
2020-07-04,Placer,51,796,0,11
2020-07-05,Placer,59,855,0,11
2020-07-06,Placer,49,904,0,11
2020-07-07,Placer,26,930,0,11
2020-07-08,Placer,18,948,0,11
2020-07-09,Placer,34,982,0,11
2020-07-10,Placer,20,1002,0,11
2020-07-11,Placer,27,1029,0,11
2020-07-12,Placer,29,1058,0,11
2020-07-13,Placer,38,1096,0,11
2020-07-14,Placer,26,1122,0,11
2020-07-15,Placer,23,1145,0,11
2020-07-16,Placer,23,1168,0,11
2020-07-17,Placer,39,1207,0,11
2020-07-18,Placer,26,1233,0,11
2020-07-19,Placer,13,1246,0,11
2020-07-20,Placer,118,1364,0,11
2020-07-21,Placer,49,1413,1,12
2020-07-22,Placer,56,1469,0,12
2020-07-23,Placer,50,1519,1,13
2020-07-24,Placer,32,1551,0,13
2020-07-25,Placer,45,1596,0,13
2020-07-26,Placer,32,1628,0,13
2020-07-27,Placer,51,1679,2,15
2020-07-28,Placer,80,1759,0,15
2020-07-29,Placer,39,1798,0,15
2020-07-30,Placer,23,1821,0,15
2020-07-31,Placer,32,1853,0,15
2020-08-01,Placer,38,1891,0,15
2020-08-02,Placer,29,1920,1,16
2020-08-03,Placer,27,1947,1,17
2020-08-04,Placer,17,1964,1,18
2020-08-05,Placer,25,1989,1,19
2020-08-06,Placer,56,2045,1,20
2020-08-07,Placer,33,2078,0,20
2020-08-08,Placer,75,2153,0,20
2020-08-09,Placer,58,2211,1,21
2020-08-10,Placer,87,2298,1,22
2020-08-11,Placer,95,2393,2,24
2020-08-12,Placer,24,2417,2,26
2020-08-13,Placer,43,2460,1,27
2020-08-14,Placer,86,2546,0,27
2020-08-15,Placer,5,2551,1,28
2020-08-16,Placer,32,2583,0,28
2020-08-17,Placer,26,2609,0,28
2020-08-18,Placer,35,2644,0,28
2020-08-19,Placer,15,2659,2,30
2020-08-20,Placer,22,2681,0,30
2020-08-21,Placer,17,2698,0,30
2020-08-22,Placer,36,2734,1,31
2020-08-23,Placer,38,2772,0,31
2020-08-24,Placer,21,2793,0,31
2020-08-25,Placer,36,2829,1,32
2020-08-26,Placer,17,2846,0,32
2020-08-27,Placer,23,2869,0,32
2020-08-28,Placer,22,2891,0,32
2020-08-29,Placer,44,2935,0,32
2020-08-30,Placer,26,2961,0,32
2020-08-31,Placer,28,2989,1,33
2020-09-01,Placer,24,3013,0,33
2020-09-02,Placer,34,3047,1,34
2020-09-03,Placer,22,3069,0,34
2020-09-04,Placer,32,3101,1,35
2020-09-05,Placer,40,3141,0,35
2020-09-06,Placer,28,3169,1,36
2020-09-07,Placer,19,3188,0,36
2020-09-08,Placer,17,3205,0,36
2020-09-09,Placer,17,3222,0,36
2020-09-10,Placer,11,3233,2,38
2020-09-11,Placer,21,3254,0,38
2020-09-12,Placer,26,3280,1,39
2020-09-13,Placer,11,3291,0,39
2020-09-14,Placer,11,3302,0,39
2020-09-15,Placer,29,3331,0,39
2020-09-16,Placer,20,3351,1,40
2020-09-17,Placer,17,3368,1,41
2020-09-18,Placer,21,3389,0,41
2020-09-19,Placer,23,3412,0,41
2020-09-20,Placer,40,3452,0,41
2020-09-21,Placer,21,3473,0,41
2020-09-22,Placer,19,3492,1,42
2020-09-23,Placer,14,3506,1,43
2020-09-24,Placer,8,3514,1,44
2020-09-25,Placer,13,3527,0,44
2020-09-26,Placer,24,3551,1,45
2020-09-27,Placer,11,3562,0,45
2020-09-28,Placer,10,3572,0,45
2020-09-29,Placer,-2,3570,0,45
2020-09-30,Placer,15,3585,3,48
2020-10-01,Placer,14,3599,0,48
2020-10-02,Placer,13,3612,1,49
2020-10-03,Placer,36,3648,0,49
2020-10-04,Placer,16,3664,0,49
2020-10-05,Placer,6,3670,0,49
2020-10-06,Placer,10,3680,2,51
2020-10-07,Placer,13,3693,0,51
2020-10-08,Placer,22,3715,0,51
2020-10-09,Placer,22,3737,0,51
2020-10-10,Placer,20,3757,0,51
2020-10-11,Placer,30,3787,0,51
2020-10-12,Placer,21,3808,0,51
2020-10-13,Placer,17,3825,0,51
2020-10-14,Placer,4,3829,0,51
2020-10-15,Placer,19,3848,1,52
2020-10-16,Placer,16,3864,0,52
2020-10-17,Placer,34,3898,0,52
2020-10-18,Placer,40,3938,0,52
2020-10-19,Placer,24,3962,0,52
2020-10-20,Placer,35,3997,3,55
2020-10-21,Placer,10,4007,0,55
2020-10-22,Placer,29,4036,2,57
2020-10-23,Placer,37,4073,0,57
2020-10-24,Placer,20,4093,0,57
2020-10-25,Placer,47,4140,0,57
2020-10-26,Placer,21,4161,0,57
2020-10-27,Placer,36,4197,0,57
2020-10-28,Placer,39,4236,0,57
2020-10-29,Placer,34,4270,2,59
2020-10-30,Placer,65,4335,0,59
2020-10-31,Placer,39,4374,0,59
2020-11-01,Placer,48,4422,0,59
2020-11-02,Placer,39,4461,0,59
2020-11-03,Placer,53,4514,1,60
2020-11-04,Placer,12,4526,0,60
2020-11-05,Placer,101,4627,0,60
2020-11-06,Placer,53,4680,0,60
2020-11-07,Placer,40,4720,0,60
2020-11-08,Placer,80,4800,0,60
2020-11-09,Placer,43,4843,0,60
2020-11-10,Placer,59,4902,0,60
2020-11-11,Placer,79,4981,0,60
2020-11-12,Placer,63,5044,2,62
2020-11-13,Placer,78,5122,1,63
2020-11-14,Placer,93,5215,0,63
2020-11-15,Placer,115,5330,0,63
2020-11-16,Placer,57,5387,1,64
2020-11-17,Placer,48,5435,0,64
2020-11-18,Placer,108,5543,1,65
2020-11-19,Placer,69,5612,1,66
2020-11-20,Placer,75,5687,1,67
2020-11-21,Placer,91,5778,0,67
2020-11-22,Placer,102,5880,0,67
2020-11-23,Placer,119,5999,0,67
2020-11-24,Placer,148,6147,1,68
2020-11-25,Placer,74,6221,0,68
2020-11-26,Placer,57,6278,0,68
2020-11-27,Placer,5,6283,0,68
2020-11-28,Placer,214,6497,0,68
2020-11-29,Placer,38,6535,0,68
2020-11-30,Placer,40,6575,0,68
2020-12-01,Placer,219,6794,2,70
2020-12-02,Placer,147,6941,1,71
2020-12-03,Placer,329,7270,1,72
2020-12-04,Placer,191,7461,2,74
2020-12-05,Placer,350,7811,0,74
2020-12-06,Placer,26,7837,0,74
2020-12-07,Placer,74,7911,7,81
2020-12-08,Placer,313,8224,0,81
2020-12-09,Placer,364,8588,4,85
2020-12-10,Placer,318,8906,4,89
2020-12-11,Placer,-2,8904,3,92
2020-12-12,Placer,486,9390,0,92
2020-12-13,Placer,15,9405,0,92
2020-12-14,Placer,146,9551,1,93
2020-12-15,Placer,750,10301,1,94
2020-12-16,Placer,253,10554,3,97
2020-12-17,Placer,202,10756,1,98
2020-12-18,Placer,239,10995,5,103
2020-12-19,Placer,251,11246,0,103
2020-12-20,Placer,250,11496,0,103
2020-12-21,Placer,219,11715,1,104
2020-12-22,Placer,228,11943,5,109
2020-03-18,San Luis Obispo,5,5,0,0
2020-03-19,San Luis Obispo,1,6,0,0
2020-03-20,San Luis Obispo,5,11,0,0
2020-03-21,San Luis Obispo,5,16,0,0
2020-03-22,San Luis Obispo,3,19,0,0
2020-03-23,San Luis Obispo,4,23,0,0
2020-03-24,San Luis Obispo,9,32,0,0
2020-03-25,San Luis Obispo,3,35,0,0
2020-03-26,San Luis Obispo,3,38,0,0
2020-03-27,San Luis Obispo,8,46,0,0
2020-03-28,San Luis Obispo,6,52,0,0
2020-03-29,San Luis Obispo,3,55,0,0
2020-03-30,San Luis Obispo,7,62,0,0
2020-03-31,San Luis Obispo,5,67,0,0
2020-04-01,San Luis Obispo,2,69,0,0
2020-04-02,San Luis Obispo,10,79,0,0
2020-04-03,San Luis Obispo,3,82,0,0
2020-04-04,San Luis Obispo,0,82,0,0
2020-04-05,San Luis Obispo,1,83,1,1
2020-04-06,San Luis Obispo,2,85,0,1
2020-04-07,San Luis Obispo,2,87,0,1
2020-04-08,San Luis Obispo,3,90,0,1
2020-04-09,San Luis Obispo,3,93,0,1
2020-04-10,San Luis Obispo,4,97,0,1
2020-04-11,San Luis Obispo,3,100,0,1
2020-04-12,San Luis Obispo,2,102,0,1
2020-04-13,San Luis Obispo,5,107,0,1
2020-04-14,San Luis Obispo,2,109,0,1
2020-04-15,San Luis Obispo,3,112,0,1
2020-04-16,San Luis Obispo,1,113,0,1
2020-04-17,San Luis Obispo,3,116,0,1
2020-04-18,San Luis Obispo,13,129,0,1
2020-04-19,San Luis Obispo,3,132,0,1
2020-04-20,San Luis Obispo,0,132,0,1
2020-04-21,San Luis Obispo,2,134,0,1
2020-04-22,San Luis Obispo,8,142,0,1
2020-04-23,San Luis Obispo,4,146,0,1
2020-04-24,San Luis Obispo,5,151,0,1
2020-04-25,San Luis Obispo,8,159,0,1
2020-04-26,San Luis Obispo,6,165,0,1
2020-04-27,San Luis Obispo,1,166,0,1
2020-04-28,San Luis Obispo,6,172,0,1
2020-04-29,San Luis Obispo,9,181,0,1
2020-04-30,San Luis Obispo,1,182,0,1
2020-05-01,San Luis Obispo,4,186,0,1
2020-05-02,San Luis Obispo,7,193,0,1
2020-05-03,San Luis Obispo,7,200,0,1
2020-05-04,San Luis Obispo,2,202,0,1
2020-05-05,San Luis Obispo,1,203,0,1
2020-05-06,San Luis Obispo,4,207,0,1
2020-05-07,San Luis Obispo,2,209,0,1
2020-05-08,San Luis Obispo,1,210,0,1
2020-05-09,San Luis Obispo,3,213,0,1
2020-05-10,San Luis Obispo,5,218,0,1
2020-05-11,San Luis Obispo,6,224,0,1
2020-05-12,San Luis Obispo,2,226,0,1
2020-05-13,San Luis Obispo,5,231,0,1
2020-05-14,San Luis Obispo,5,236,0,1
2020-05-15,San Luis Obispo,1,237,0,1
2020-05-16,San Luis Obispo,3,240,0,1
2020-05-17,San Luis Obispo,2,242,0,1
2020-05-18,San Luis Obispo,1,243,0,1
2020-05-19,San Luis Obispo,2,245,0,1
2020-05-20,San Luis Obispo,4,249,0,1
2020-05-21,San Luis Obispo,2,251,0,1
2020-05-22,San Luis Obispo,3,254,0,1
2020-05-23,San Luis Obispo,2,256,0,1
2020-05-24,San Luis Obispo,1,257,0,1
2020-05-25,San Luis Obispo,3,260,0,1
2020-05-26,San Luis Obispo,0,260,0,1
2020-05-27,San Luis Obispo,6,266,0,1
2020-05-28,San Luis Obispo,1,267,0,1
2020-05-29,San Luis Obispo,3,270,0,1
2020-05-30,San Luis Obispo,0,270,0,1
2020-05-31,San Luis Obispo,1,271,0,1
2020-06-01,San Luis Obispo,4,275,0,1
2020-06-02,San Luis Obispo,0,275,0,1
2020-06-03,San Luis Obispo,4,279,0,1
2020-06-04,San Luis Obispo,9,288,0,1
2020-06-05,San Luis Obispo,5,293,0,1
2020-06-06,San Luis Obispo,2,295,0,1
2020-06-07,San Luis Obispo,1,296,0,1
2020-06-08,San Luis Obispo,4,300,0,1
2020-06-09,San Luis Obispo,1,301,0,1
2020-06-10,San Luis Obispo,5,306,0,1
2020-06-11,San Luis Obispo,1,307,0,1
2020-06-12,San Luis Obispo,14,321,0,1
2020-06-13,San Luis Obispo,5,326,0,1
2020-06-14,San Luis Obispo,4,330,0,1
2020-06-15,San Luis Obispo,2,332,0,1
2020-06-16,San Luis Obispo,11,343,0,1
2020-06-17,San Luis Obispo,19,362,0,1
2020-06-18,San Luis Obispo,16,378,0,1
2020-06-19,San Luis Obispo,14,392,0,1
2020-06-20,San Luis Obispo,13,405,0,1
2020-06-21,San Luis Obispo,13,418,0,1
2020-06-22,San Luis Obispo,4,422,0,1
2020-06-23,San Luis Obispo,23,445,0,1
2020-06-24,San Luis Obispo,16,461,0,1
2020-06-25,San Luis Obispo,15,476,0,1
2020-06-26,San Luis Obispo,26,502,0,1
2020-06-27,San Luis Obispo,9,511,0,1
2020-06-28,San Luis Obispo,37,548,0,1
2020-06-29,San Luis Obispo,31,579,0,1
2020-06-30,San Luis Obispo,24,603,0,1
2020-07-01,San Luis Obispo,10,613,1,2
2020-07-02,San Luis Obispo,46,659,0,2
2020-07-03,San Luis Obispo,17,676,0,2
2020-07-04,San Luis Obispo,23,699,0,2
2020-07-05,San Luis Obispo,31,730,0,2
2020-07-06,San Luis Obispo,21,751,0,2
2020-07-07,San Luis Obispo,44,795,0,2
2020-07-08,San Luis Obispo,30,825,1,3
2020-07-09,San Luis Obispo,44,869,1,4
2020-07-10,San Luis Obispo,22,891,0,4
2020-07-11,San Luis Obispo,39,930,0,4
2020-07-12,San Luis Obispo,42,972,0,4
2020-07-13,San Luis Obispo,17,989,1,5
2020-07-14,San Luis Obispo,71,1060,0,5
2020-07-15,San Luis Obispo,37,1097,1,6
2020-07-16,San Luis Obispo,49,1146,0,6
2020-07-17,San Luis Obispo,44,1190,0,6
2020-07-18,San Luis Obispo,44,1234,0,6
2020-07-19,San Luis Obispo,28,1262,0,6
2020-07-20,San Luis Obispo,20,1282,0,6
2020-07-21,San Luis Obispo,56,1338,1,7
2020-07-22,San Luis Obispo,35,1373,0,7
2020-07-23,San Luis Obispo,65,1438,1,8
2020-07-24,San Luis Obispo,38,1476,0,8
2020-07-25,San Luis Obispo,54,1530,0,8
2020-07-26,San Luis Obispo,35,1565,0,8
2020-07-27,San Luis Obispo,47,1612,0,8
2020-07-28,San Luis Obispo,24,1636,3,11
2020-07-29,San Luis Obispo,37,1673,1,12
2020-07-30,San Luis Obispo,30,1703,2,14
2020-07-31,San Luis Obispo,43,1746,1,15
2020-08-01,San Luis Obispo,52,1798,0,15
2020-08-02,San Luis Obispo,23,1821,0,15
2020-08-03,San Luis Obispo,42,1863,1,16
2020-08-04,San Luis Obispo,23,1886,0,16
2020-08-05,San Luis Obispo,42,1928,0,16
2020-08-06,San Luis Obispo,72,2000,0,16
2020-08-07,San Luis Obispo,50,2050,1,17
2020-08-08,San Luis Obispo,31,2081,0,17
2020-08-09,San Luis Obispo,43,2124,0,17
2020-08-10,San Luis Obispo,84,2208,0,17
2020-08-11,San Luis Obispo,26,2234,0,17
2020-08-12,San Luis Obispo,29,2263,0,17
2020-08-13,San Luis Obispo,20,2283,1,18
2020-08-14,San Luis Obispo,139,2422,1,19
2020-08-15,San Luis Obispo,39,2461,0,19
2020-08-16,San Luis Obispo,33,2494,0,19
2020-08-17,San Luis Obispo,33,2527,0,19
2020-08-18,San Luis Obispo,8,2535,0,19
2020-08-19,San Luis Obispo,18,2553,1,20
2020-08-20,San Luis Obispo,37,2590,0,20
2020-08-21,San Luis Obispo,50,2640,1,21
2020-08-22,San Luis Obispo,20,2660,0,21
2020-08-23,San Luis Obispo,19,2679,0,21
2020-08-24,San Luis Obispo,26,2705,0,21
2020-08-25,San Luis Obispo,26,2731,0,21
2020-08-26,San Luis Obispo,30,2761,0,21
2020-08-27,San Luis Obispo,47,2808,0,21
2020-08-28,San Luis Obispo,41,2849,0,21
2020-08-29,San Luis Obispo,68,2917,0,21
2020-08-30,San Luis Obispo,17,2934,0,21
2020-08-31,San Luis Obispo,17,2951,-1,20
2020-09-01,San Luis Obispo,19,2970,0,20
2020-09-02,San Luis Obispo,32,3002,0,20
2020-09-03,San Luis Obispo,21,3023,0,20
2020-09-04,San Luis Obispo,26,3049,2,22
2020-09-05,San Luis Obispo,34,3083,0,22
2020-09-06,San Luis Obispo,18,3101,0,22
2020-09-07,San Luis Obispo,15,3116,0,22
2020-09-08,San Luis Obispo,4,3120,0,22
2020-09-09,San Luis Obispo,11,3131,0,22
2020-09-10,San Luis Obispo,30,3161,1,23
2020-09-11,San Luis Obispo,29,3190,0,23
2020-09-12,San Luis Obispo,30,3220,0,23
2020-09-13,San Luis Obispo,20,3240,0,23
2020-09-14,San Luis Obispo,8,3248,3,26
2020-09-15,San Luis Obispo,14,3262,0,26
2020-09-16,San Luis Obispo,23,3285,1,27
2020-09-17,San Luis Obispo,14,3299,0,27
2020-09-18,San Luis Obispo,29,3328,0,27
2020-09-19,San Luis Obispo,41,3369,0,27
2020-09-20,San Luis Obispo,24,3393,0,27
2020-09-21,San Luis Obispo,13,3406,0,27
2020-09-22,San Luis Obispo,14,3420,0,27
2020-09-23,San Luis Obispo,27,3447,2,29
2020-09-24,San Luis Obispo,33,3480,0,29
2020-09-25,San Luis Obispo,32,3512,0,29
2020-09-26,San Luis Obispo,34,3546,0,29
2020-09-27,San Luis Obispo,16,3562,0,29
2020-09-28,San Luis Obispo,5,3567,0,29
2020-09-29,San Luis Obispo,14,3581,2,31
2020-09-30,San Luis Obispo,16,3597,0,31
2020-10-01,San Luis Obispo,28,3625,0,31
2020-10-02,San Luis Obispo,29,3654,0,31
2020-10-03,San Luis Obispo,16,3670,0,31
2020-10-04,San Luis Obispo,18,3688,0,31
2020-10-05,San Luis Obispo,22,3710,0,31
2020-10-06,San Luis Obispo,13,3723,0,31
2020-10-07,San Luis Obispo,26,3749,0,31
2020-10-08,San Luis Obispo,36,3785,0,31
2020-10-09,San Luis Obispo,25,3810,0,31
2020-10-10,San Luis Obispo,22,3832,0,31
2020-10-11,San Luis Obispo,42,3874,0,31
2020-10-12,San Luis Obispo,0,3874,0,31
2020-10-13,San Luis Obispo,18,3892,1,32
2020-10-14,San Luis Obispo,9,3901,0,32
2020-10-15,San Luis Obispo,33,3934,0,32
2020-10-16,San Luis Obispo,18,3952,0,32
2020-10-17,San Luis Obispo,27,3979,0,32
2020-10-18,San Luis Obispo,30,4009,0,32
2020-10-19,San Luis Obispo,7,4016,0,32
2020-10-20,San Luis Obispo,27,4043,0,32
2020-10-21,San Luis Obispo,12,4055,0,32
2020-10-22,San Luis Obispo,26,4081,0,32
2020-10-23,San Luis Obispo,21,4102,0,32
2020-10-24,San Luis Obispo,17,4119,0,32
2020-10-25,San Luis Obispo,7,4126,0,32
2020-10-26,San Luis Obispo,7,4133,0,32
2020-10-27,San Luis Obispo,15,4148,0,32
2020-10-28,San Luis Obispo,49,4197,0,32
2020-10-29,San Luis Obispo,26,4223,0,32
2020-10-30,San Luis Obispo,33,4256,0,32
2020-10-31,San Luis Obispo,29,4285,0,32
2020-11-01,San Luis Obispo,18,4303,0,32
2020-11-02,San Luis Obispo,0,4303,1,33
2020-11-03,San Luis Obispo,68,4371,0,33
2020-11-04,San Luis Obispo,18,4389,0,33
2020-11-05,San Luis Obispo,70,4459,0,33
2020-11-06,San Luis Obispo,72,4531,0,33
2020-11-07,San Luis Obispo,114,4645,0,33
2020-11-08,San Luis Obispo,53,4698,0,33
2020-11-09,San Luis Obispo,48,4746,0,33
2020-11-10,San Luis Obispo,34,4780,0,33
2020-11-11,San Luis Obispo,52,4832,0,33
2020-11-12,San Luis Obispo,66,4898,0,33
2020-11-13,San Luis Obispo,62,4960,0,33
2020-11-14,San Luis Obispo,113,5073,0,33
2020-11-15,San Luis Obispo,47,5120,0,33
2020-11-16,San Luis Obispo,41,5161,1,34
2020-11-17,San Luis Obispo,74,5235,0,34
2020-11-18,San Luis Obispo,87,5322,0,34
2020-11-19,San Luis Obispo,88,5410,1,35
2020-11-20,San Luis Obispo,114,5524,0,35
2020-11-21,San Luis Obispo,94,5618,0,35
2020-11-22,San Luis Obispo,46,5664,0,35
2020-11-23,San Luis Obispo,108,5772,0,35
2020-11-24,San Luis Obispo,33,5805,0,35
2020-11-25,San Luis Obispo,108,5913,0,35
2020-11-26,San Luis Obispo,51,5964,0,35
2020-11-27,San Luis Obispo,75,6039,1,36
2020-11-28,San Luis Obispo,67,6106,0,36
2020-11-29,San Luis Obispo,39,6145,0,36
2020-11-30,San Luis Obispo,79,6224,2,38
2020-12-01,San Luis Obispo,40,6264,0,38
2020-12-02,San Luis Obispo,60,6324,0,38
2020-12-03,San Luis Obispo,64,6388,0,38
2020-12-04,San Luis Obispo,85,6473,4,42
2020-12-05,San Luis Obispo,150,6623,0,42
2020-12-06,San Luis Obispo,100,6723,0,42
2020-12-07,San Luis Obispo,59,6782,0,42
2020-12-08,San Luis Obispo,121,6903,0,42
2020-12-09,San Luis Obispo,202,7105,3,45
2020-12-10,San Luis Obispo,140,7245,0,45
2020-12-11,San Luis Obispo,170,7415,1,46
2020-12-12,San Luis Obispo,47,7462,0,46
2020-12-13,San Luis Obispo,163,7625,0,46
2020-12-14,San Luis Obispo,166,7791,0,46
2020-12-15,San Luis Obispo,283,8074,6,52
2020-12-16,San Luis Obispo,178,8252,2,54
2020-12-17,San Luis Obispo,113,8365,2,56
2020-12-18,San Luis Obispo,233,8598,3,59
2020-12-19,San Luis Obispo,190,8788,0,59
2020-12-20,San Luis Obispo,93,8881,0,59
2020-12-21,San Luis Obispo,125,9006,1,60
2020-12-22,San Luis Obispo,168,9174,5,65
2020-03-18,Solano,26,26,0,0
2020-03-19,Solano,0,26,0,0
2020-03-20,Solano,3,29,0,0
2020-03-21,Solano,-21,8,0,0
2020-03-22,Solano,0,8,0,0
2020-03-23,Solano,3,11,0,0
2020-03-24,Solano,2,13,0,0
2020-03-25,Solano,5,18,0,0
2020-03-26,Solano,2,20,0,0
2020-03-27,Solano,28,48,0,0
2020-03-28,Solano,0,48,0,0
2020-03-29,Solano,0,48,0,0
2020-03-30,Solano,2,50,0,0
2020-03-31,Solano,6,56,0,0
2020-04-01,Solano,1,57,0,0
2020-04-02,Solano,8,65,0,0
2020-04-03,Solano,7,72,1,1
2020-04-04,Solano,7,79,0,1
2020-04-05,Solano,-1,78,0,1
2020-04-06,Solano,17,95,0,1
2020-04-07,Solano,4,99,0,1
2020-04-08,Solano,12,111,1,2
2020-04-09,Solano,7,118,0,2
2020-04-10,Solano,11,129,0,2
2020-04-11,Solano,9,138,0,2
2020-04-12,Solano,-2,136,0,2
2020-04-13,Solano,1,137,0,2
2020-04-14,Solano,3,140,0,2
2020-04-15,Solano,13,153,0,2
2020-04-16,Solano,9,162,0,2
2020-04-17,Solano,11,173,0,2
2020-04-18,Solano,2,175,0,2
2020-04-19,Solano,-1,174,0,2
2020-04-20,Solano,11,185,0,2
2020-04-21,Solano,8,193,1,3
2020-04-22,Solano,2,195,0,3
2020-04-23,Solano,1,196,1,4
2020-04-24,Solano,7,203,0,4
2020-04-25,Solano,0,203,0,4
2020-04-26,Solano,2,205,0,4
2020-04-27,Solano,17,222,0,4
2020-04-28,Solano,24,246,0,4
2020-04-29,Solano,6,252,1,5
2020-04-30,Solano,10,262,0,5
2020-05-01,Solano,4,266,0,5
2020-05-02,Solano,1,267,0,5
2020-05-03,Solano,-1,266,0,5
2020-05-04,Solano,27,293,1,6
2020-05-05,Solano,6,299,0,6
2020-05-06,Solano,1,300,1,7
2020-05-07,Solano,7,307,0,7
2020-05-08,Solano,7,314,0,7
2020-05-09,Solano,7,321,0,7
2020-05-10,Solano,1,322,0,7
2020-05-11,Solano,32,354,3,10
2020-05-12,Solano,7,361,1,11
2020-05-13,Solano,7,368,1,12
2020-05-14,Solano,4,372,2,14
2020-05-15,Solano,16,388,2,16
2020-05-16,Solano,4,392,0,16
2020-05-17,Solano,0,392,0,16
2020-05-18,Solano,6,398,0,16
2020-05-19,Solano,17,415,0,16
2020-05-20,Solano,3,418,2,18
2020-05-21,Solano,6,424,1,19
2020-05-22,Solano,7,431,1,20
2020-05-23,Solano,4,435,0,20
2020-05-24,Solano,1,436,0,20
2020-05-25,Solano,1,437,0,20
2020-05-26,Solano,33,470,0,20
2020-05-27,Solano,7,477,1,21
2020-05-28,Solano,12,489,1,22
2020-05-29,Solano,9,498,0,22
2020-05-30,Solano,14,512,0,22
2020-05-31,Solano,0,512,0,22
2020-06-01,Solano,17,529,0,22
2020-06-02,Solano,8,537,0,22
2020-06-03,Solano,6,543,0,22
2020-06-04,Solano,8,551,0,22
2020-06-05,Solano,7,558,1,23
2020-06-06,Solano,2,560,0,23
2020-06-07,Solano,0,560,0,23
2020-06-08,Solano,0,560,0,23
2020-06-09,Solano,36,596,0,23
2020-06-10,Solano,12,608,0,23
2020-06-11,Solano,8,616,0,23
2020-06-12,Solano,4,620,0,23
2020-06-13,Solano,17,637,0,23
2020-06-14,Solano,1,638,0,23
2020-06-15,Solano,0,638,0,23
2020-06-16,Solano,56,694,0,23
2020-06-17,Solano,28,722,0,23
2020-06-18,Solano,13,735,0,23
2020-06-19,Solano,20,755,0,23
2020-06-20,Solano,29,784,0,23
2020-06-21,Solano,-1,783,0,23
2020-06-22,Solano,1,784,0,23
2020-06-23,Solano,157,941,0,23
2020-06-24,Solano,38,979,0,23
2020-06-25,Solano,62,1041,0,23
2020-06-26,Solano,41,1082,0,23
2020-06-27,Solano,16,1098,0,23
2020-06-28,Solano,46,1144,0,23
2020-06-29,Solano,72,1216,1,24
2020-06-30,Solano,101,1317,0,24
2020-07-01,Solano,47,1364,1,25
2020-07-02,Solano,65,1429,0,25
2020-07-03,Solano,67,1496,0,25
2020-07-04,Solano,52,1548,0,25
2020-07-05,Solano,-1,1547,0,25
2020-07-06,Solano,121,1668,0,25
2020-07-07,Solano,108,1776,2,27
2020-07-08,Solano,45,1821,0,27
2020-07-09,Solano,71,1892,0,27
2020-07-10,Solano,58,1950,1,28
2020-07-11,Solano,84,2034,0,28
2020-07-12,Solano,3,2037,0,28
2020-07-13,Solano,9,2046,3,31
2020-07-14,Solano,220,2266,0,31
2020-07-15,Solano,77,2343,0,31
2020-07-16,Solano,29,2372,0,31
2020-07-17,Solano,80,2452,0,31
2020-07-18,Solano,51,2503,0,31
2020-07-19,Solano,48,2551,0,31
2020-07-20,Solano,-14,2537,3,34
2020-07-21,Solano,190,2727,1,35
2020-07-22,Solano,112,2839,0,35
2020-07-23,Solano,123,2962,0,35
2020-07-24,Solano,100,3062,0,35
2020-07-25,Solano,45,3107,0,35
2020-07-26,Solano,90,3197,0,35
2020-07-27,Solano,1,3198,0,35
2020-07-28,Solano,94,3292,1,36
2020-07-29,Solano,88,3380,1,37
2020-07-30,Solano,83,3463,0,37
2020-07-31,Solano,47,3510,0,37
2020-08-01,Solano,81,3591,0,37
2020-08-02,Solano,18,3609,0,37
2020-08-03,Solano,1,3610,0,37
2020-08-04,Solano,80,3690,1,38
2020-08-05,Solano,60,3750,0,38
2020-08-06,Solano,34,3784,1,39
2020-08-07,Solano,60,3844,0,39
2020-08-08,Solano,45,3889,1,40
2020-08-09,Solano,65,3954,0,40
2020-08-10,Solano,147,4101,1,41
2020-08-11,Solano,105,4206,0,41
2020-08-12,Solano,52,4258,0,41
2020-08-13,Solano,47,4305,0,41
2020-08-14,Solano,116,4421,0,41
2020-08-15,Solano,56,4477,0,41
2020-08-16,Solano,2,4479,0,41
2020-08-17,Solano,0,4479,0,41
2020-08-18,Solano,221,4700,2,43
2020-08-19,Solano,107,4807,1,44
2020-08-20,Solano,36,4843,0,44
2020-08-21,Solano,48,4891,0,44
2020-08-22,Solano,53,4944,0,44
2020-08-23,Solano,33,4977,0,44
2020-08-24,Solano,2,4979,2,46
2020-08-25,Solano,135,5114,0,46
2020-08-26,Solano,17,5131,0,46
2020-08-27,Solano,36,5167,0,46
2020-08-28,Solano,52,5219,0,46
2020-08-29,Solano,84,5303,0,46
2020-08-30,Solano,0,5303,0,46
2020-08-31,Solano,-1,5302,1,47
2020-09-01,Solano,136,5438,0,47
2020-09-02,Solano,25,5463,0,47
2020-09-03,Solano,36,5499,0,47
2020-09-04,Solano,53,5552,1,48
2020-09-05,Solano,27,5579,0,48
2020-09-06,Solano,40,5619,0,48
2020-09-07,Solano,21,5640,0,48
2020-09-08,Solano,14,5654,0,48
2020-09-09,Solano,26,5680,0,48
2020-09-10,Solano,16,5696,0,48
2020-09-11,Solano,46,5742,0,48
2020-09-12,Solano,30,5772,0,48
2020-09-13,Solano,38,5810,0,48
2020-09-14,Solano,24,5834,2,50
2020-09-15,Solano,44,5878,2,52
2020-09-16,Solano,21,5899,0,52
2020-09-17,Solano,16,5915,3,55
2020-09-18,Solano,46,5961,0,55
2020-09-19,Solano,37,5998,0,55
2020-09-20,Solano,22,6020,0,55
2020-09-21,Solano,-1,6019,0,55
2020-09-22,Solano,88,6107,2,57
2020-09-23,Solano,16,6123,3,60
2020-09-24,Solano,14,6137,3,63
2020-09-25,Solano,42,6179,0,63
2020-09-26,Solano,30,6209,0,63
2020-09-27,Solano,2,6211,0,63
2020-09-28,Solano,43,6254,2,65
2020-09-29,Solano,49,6303,4,69
2020-09-30,Solano,12,6315,2,71
2020-10-01,Solano,37,6352,0,71
2020-10-02,Solano,33,6385,0,71
2020-10-03,Solano,34,6419,0,71
2020-10-04,Solano,26,6445,0,71
2020-10-05,Solano,30,6475,1,72
2020-10-06,Solano,31,6506,0,72
2020-10-07,Solano,20,6526,2,74
2020-10-08,Solano,30,6556,0,74
2020-10-09,Solano,58,6614,0,74
2020-10-10,Solano,41,6655,0,74
2020-10-11,Solano,30,6685,0,74
2020-10-12,Solano,57,6742,0,74
2020-10-13,Solano,19,6761,0,74
2020-10-14,Solano,25,6786,0,74
2020-10-15,Solano,44,6830,0,74
2020-10-16,Solano,49,6879,0,74
2020-10-17,Solano,50,6929,0,74
2020-10-18,Solano,33,6962,0,74
2020-10-19,Solano,41,7003,0,74
2020-10-20,Solano,41,7044,0,74
2020-10-21,Solano,44,7088,0,74
2020-10-22,Solano,28,7116,0,74
2020-10-23,Solano,58,7174,0,74
2020-10-24,Solano,15,7189,0,74
2020-10-25,Solano,8,7197,0,74
2020-10-26,Solano,74,7271,2,76
2020-10-27,Solano,27,7298,0,76
2020-10-28,Solano,64,7362,0,76
2020-10-29,Solano,91,7453,0,76
2020-10-30,Solano,44,7497,0,76
2020-10-31,Solano,48,7545,0,76
2020-11-01,Solano,46,7591,0,76
2020-11-02,Solano,74,7665,0,76
2020-11-03,Solano,26,7691,0,76
2020-11-04,Solano,42,7733,0,76
2020-11-05,Solano,109,7842,0,76
2020-11-06,Solano,117,7959,3,79
2020-11-07,Solano,107,8066,0,79
2020-11-08,Solano,66,8132,0,79
2020-11-09,Solano,122,8254,0,79
2020-11-10,Solano,45,8299,0,79
2020-11-11,Solano,54,8353,0,79
2020-11-12,Solano,64,8417,0,79
2020-11-13,Solano,108,8525,0,79
2020-11-14,Solano,130,8655,0,79
2020-11-15,Solano,58,8713,0,79
2020-11-16,Solano,114,8827,0,79
2020-11-17,Solano,78,8905,1,80
2020-11-18,Solano,89,8994,0,80
2020-11-19,Solano,99,9093,0,80
2020-11-20,Solano,123,9216,0,80
2020-11-21,Solano,74,9290,0,80
2020-11-22,Solano,73,9363,0,80
2020-11-23,Solano,31,9394,1,81
2020-11-24,Solano,322,9716,0,81
2020-11-25,Solano,116,9832,0,81
2020-11-26,Solano,109,9941,0,81
2020-11-27,Solano,103,10044,0,81
2020-11-28,Solano,208,10252,0,81
2020-11-29,Solano,141,10393,0,81
2020-11-30,Solano,-1,10392,0,81
2020-12-01,Solano,212,10604,0,81
2020-12-02,Solano,97,10701,0,81
2020-12-03,Solano,156,10857,0,81
2020-12-04,Solano,180,11037,4,85
2020-12-05,Solano,314,11351,0,85
2020-12-06,Solano,3,11354,0,85
2020-12-07,Solano,0,11354,0,85
2020-12-08,Solano,315,11669,0,85
2020-12-09,Solano,193,11862,5,90
2020-12-10,Solano,155,12017,1,91
2020-12-11,Solano,537,12554,0,91
2020-12-12,Solano,194,12748,0,91
2020-12-13,Solano,528,13276,0,91
2020-12-14,Solano,76,13352,0,91
2020-12-15,Solano,444,13796,0,91
2020-12-16,Solano,361,14157,2,93
2020-12-17,Solano,204,14361,0,93
2020-12-18,Solano,306,14667,0,93
2020-12-19,Solano,537,15204,0,93
2020-12-20,Solano,329,15533,0,93
2020-12-21,Solano,345,15878,1,94
2020-12-22,Solano,351,16229,0,94
2020-03-18,Monterey,1,1,0,0
2020-03-19,Monterey,2,3,0,0
2020-03-20,Monterey,1,4,0,0
2020-03-21,Monterey,4,8,1,1
2020-03-22,Monterey,6,14,0,1
2020-03-23,Monterey,0,14,0,1
2020-03-24,Monterey,9,23,0,1
2020-03-25,Monterey,0,23,0,1
2020-03-26,Monterey,2,25,0,1
2020-03-27,Monterey,1,26,0,1
2020-03-28,Monterey,6,32,0,1
2020-03-29,Monterey,4,36,0,1
2020-03-30,Monterey,5,41,0,1
2020-03-31,Monterey,2,43,1,2
2020-04-01,Monterey,4,47,0,2
2020-04-02,Monterey,3,50,0,2
2020-04-03,Monterey,8,58,0,2
2020-04-04,Monterey,3,61,0,2
2020-04-05,Monterey,0,61,0,2
2020-04-06,Monterey,1,62,0,2
2020-04-07,Monterey,1,63,0,2
2020-04-08,Monterey,5,68,1,3
2020-04-09,Monterey,2,70,0,3
2020-04-10,Monterey,8,78,0,3
2020-04-11,Monterey,0,78,0,3
2020-04-12,Monterey,7,85,0,3
2020-04-13,Monterey,4,89,0,3
2020-04-14,Monterey,9,98,0,3
2020-04-15,Monterey,8,106,0,3
2020-04-16,Monterey,10,116,0,3
2020-04-17,Monterey,3,119,0,3
2020-04-18,Monterey,16,135,0,3
2020-04-19,Monterey,5,140,1,4
2020-04-20,Monterey,7,147,0,4
2020-04-21,Monterey,4,151,0,4
2020-04-22,Monterey,3,154,0,4
2020-04-23,Monterey,7,161,0,4
2020-04-24,Monterey,6,167,0,4
2020-04-25,Monterey,6,173,0,4
2020-04-26,Monterey,9,182,0,4
2020-04-27,Monterey,3,185,0,4
2020-04-28,Monterey,6,191,0,4
2020-04-29,Monterey,13,204,1,5
2020-04-30,Monterey,9,213,0,5
2020-05-01,Monterey,9,222,0,5
2020-05-02,Monterey,3,225,1,6
2020-05-03,Monterey,10,235,0,6
2020-05-04,Monterey,2,237,0,6
2020-05-05,Monterey,3,240,0,6
2020-05-06,Monterey,6,246,0,6
2020-05-07,Monterey,3,249,0,6
2020-05-08,Monterey,16,265,0,6
2020-05-09,Monterey,8,273,0,6
2020-05-10,Monterey,9,282,0,6
2020-05-11,Monterey,4,286,0,6
2020-05-12,Monterey,12,298,0,6
2020-05-13,Monterey,11,309,0,6
2020-05-14,Monterey,8,317,0,6
2020-05-15,Monterey,4,321,2,8
2020-05-16,Monterey,8,329,0,8
2020-05-17,Monterey,13,342,0,8
2020-05-18,Monterey,3,345,0,8
2020-05-19,Monterey,5,350,0,8
2020-05-20,Monterey,6,356,0,8
2020-05-21,Monterey,7,363,0,8
2020-05-22,Monterey,9,372,0,8
2020-05-23,Monterey,25,397,0,8
2020-05-24,Monterey,8,405,0,8
2020-05-25,Monterey,13,418,0,8
2020-05-26,Monterey,6,424,0,8
2020-05-27,Monterey,19,443,0,8
2020-05-28,Monterey,28,471,0,8
2020-05-29,Monterey,8,479,2,10
2020-05-30,Monterey,41,520,0,10
2020-05-31,Monterey,25,545,0,10
2020-06-01,Monterey,9,554,0,10
2020-06-02,Monterey,28,582,0,10
2020-06-03,Monterey,10,592,0,10
2020-06-04,Monterey,29,621,0,10
2020-06-05,Monterey,28,649,0,10
2020-06-06,Monterey,30,679,0,10
2020-06-07,Monterey,53,732,0,10
2020-06-08,Monterey,19,751,0,10
2020-06-09,Monterey,21,772,1,11
2020-06-10,Monterey,19,791,0,11
2020-06-11,Monterey,22,813,0,11
2020-06-12,Monterey,51,864,0,11
2020-06-13,Monterey,36,900,0,11
2020-06-14,Monterey,49,949,1,12
2020-06-15,Monterey,49,998,0,12
2020-06-16,Monterey,21,1019,0,12
2020-06-17,Monterey,58,1077,0,12
2020-06-18,Monterey,50,1127,0,12
2020-06-19,Monterey,32,1159,0,12
2020-06-20,Monterey,22,1181,0,12
2020-06-21,Monterey,46,1227,0,12
2020-06-22,Monterey,66,1293,0,12
2020-06-23,Monterey,53,1346,0,12
2020-06-24,Monterey,61,1407,0,12
2020-06-25,Monterey,23,1430,0,12
2020-06-26,Monterey,24,1454,0,12
2020-06-27,Monterey,8,1462,0,12
2020-06-28,Monterey,117,1579,0,12
2020-06-29,Monterey,77,1656,2,14
2020-06-30,Monterey,31,1687,1,15
2020-07-01,Monterey,18,1705,0,15
2020-07-02,Monterey,91,1796,0,15
2020-07-03,Monterey,8,1804,0,15
2020-07-04,Monterey,74,1878,0,15
2020-07-05,Monterey,116,1994,0,15
2020-07-06,Monterey,84,2078,0,15
2020-07-07,Monterey,88,2166,2,17
2020-07-08,Monterey,16,2182,0,17
2020-07-09,Monterey,41,2223,0,17
2020-07-10,Monterey,62,2285,1,18
2020-07-11,Monterey,91,2376,0,18
2020-07-12,Monterey,145,2521,0,18
2020-07-13,Monterey,92,2613,0,18
2020-07-14,Monterey,111,2724,0,18
2020-07-15,Monterey,56,2780,0,18
2020-07-16,Monterey,77,2857,0,18
2020-07-17,Monterey,65,2922,0,18
2020-07-18,Monterey,98,3020,0,18
2020-07-19,Monterey,59,3079,0,18
2020-07-20,Monterey,126,3205,1,19
2020-07-21,Monterey,199,3404,2,21
2020-07-22,Monterey,129,3533,0,21
2020-07-23,Monterey,122,3655,1,22
2020-07-24,Monterey,93,3748,0,22
2020-07-25,Monterey,57,3805,0,22
2020-07-26,Monterey,96,3901,1,23
2020-07-27,Monterey,59,3960,0,23
2020-07-28,Monterey,87,4047,1,24
2020-07-29,Monterey,205,4252,2,26
2020-07-30,Monterey,100,4352,0,26
2020-07-31,Monterey,141,4493,0,26
2020-08-01,Monterey,118,4611,4,30
2020-08-02,Monterey,87,4698,0,30
2020-08-03,Monterey,108,4806,0,30
2020-08-04,Monterey,86,4892,4,34
2020-08-05,Monterey,44,4936,0,34
2020-08-06,Monterey,65,5001,1,35
2020-08-07,Monterey,40,5041,0,35
2020-08-08,Monterey,60,5101,0,35
2020-08-09,Monterey,98,5199,0,35
2020-08-10,Monterey,159,5358,0,35
2020-08-11,Monterey,266,5624,2,37
2020-08-12,Monterey,295,5919,2,39
2020-08-13,Monterey,6,5925,1,40
2020-08-14,Monterey,196,6121,1,41
2020-08-15,Monterey,41,6162,5,46
2020-08-16,Monterey,354,6516,0,46
2020-08-17,Monterey,37,6553,0,46
2020-08-18,Monterey,138,6691,0,46
2020-08-19,Monterey,2,6693,1,47
2020-08-20,Monterey,199,6892,2,49
2020-08-21,Monterey,82,6974,2,51
2020-08-22,Monterey,107,7081,1,52
2020-08-23,Monterey,92,7173,0,52
2020-08-24,Monterey,39,7212,0,52
2020-08-25,Monterey,121,7333,1,53
2020-08-26,Monterey,106,7439,0,53
2020-08-27,Monterey,62,7501,0,53
2020-08-28,Monterey,90,7591,2,55
2020-08-29,Monterey,89,7680,0,55
2020-08-30,Monterey,136,7816,1,56
2020-08-31,Monterey,23,7839,2,58
2020-09-01,Monterey,87,7926,0,58
2020-09-02,Monterey,144,8070,0,58
2020-09-03,Monterey,58,8128,0,58
2020-09-04,Monterey,80,8208,0,58
2020-09-05,Monterey,93,8301,0,58
2020-09-06,Monterey,102,8403,0,58
2020-09-07,Monterey,60,8463,1,59
2020-09-08,Monterey,28,8491,3,62
2020-09-09,Monterey,36,8527,0,62
2020-09-10,Monterey,43,8570,0,62
2020-09-11,Monterey,25,8595,2,64
2020-09-12,Monterey,148,8743,0,64
2020-09-13,Monterey,83,8826,0,64
2020-09-14,Monterey,19,8845,0,64
2020-09-15,Monterey,98,8943,1,65
2020-09-16,Monterey,54,8997,0,65
2020-09-17,Monterey,116,9113,0,65
2020-09-18,Monterey,70,9183,1,66
2020-09-19,Monterey,54,9237,1,67
2020-09-20,Monterey,75,9312,0,67
2020-09-21,Monterey,19,9331,2,69
2020-09-22,Monterey,62,9393,1,70
2020-09-23,Monterey,59,9452,0,70
2020-09-24,Monterey,92,9544,0,70
2020-09-25,Monterey,37,9581,1,71
2020-09-26,Monterey,70,9651,0,71
2020-09-27,Monterey,73,9724,1,72
2020-09-28,Monterey,56,9780,0,72
2020-09-29,Monterey,46,9826,1,73
2020-09-30,Monterey,72,9898,0,73
2020-10-01,Monterey,60,9958,1,74
2020-10-02,Monterey,39,9997,0,74
2020-10-03,Monterey,95,10092,1,75
2020-10-04,Monterey,49,10141,0,75
2020-10-05,Monterey,46,10187,0,75
2020-10-06,Monterey,48,10235,0,75
2020-10-07,Monterey,37,10272,3,78
2020-10-08,Monterey,71,10343,0,78
2020-10-09,Monterey,26,10369,0,78
2020-10-10,Monterey,41,10410,0,78
2020-10-11,Monterey,35,10445,2,80
2020-10-12,Monterey,28,10473,0,80
2020-10-13,Monterey,101,10574,1,81
2020-10-14,Monterey,42,10616,0,81
2020-10-15,Monterey,61,10677,1,82
2020-10-16,Monterey,50,10727,0,82
2020-10-17,Monterey,80,10807,1,83
2020-10-18,Monterey,65,10872,0,83
2020-10-19,Monterey,35,10907,0,83
2020-10-20,Monterey,35,10942,1,84
2020-10-21,Monterey,63,11005,2,86
2020-10-22,Monterey,54,11059,1,87
2020-10-23,Monterey,40,11099,2,89
2020-10-24,Monterey,54,11153,2,91
2020-10-25,Monterey,29,11182,0,91
2020-10-26,Monterey,25,11207,-1,90
2020-10-27,Monterey,54,11261,1,91
2020-10-28,Monterey,69,11330,1,92
2020-10-29,Monterey,95,11425,3,95
2020-10-30,Monterey,66,11491,0,95
2020-10-31,Monterey,48,11539,1,96
2020-11-01,Monterey,48,11587,0,96
2020-11-02,Monterey,15,11602,0,96
2020-11-03,Monterey,101,11703,1,97
2020-11-04,Monterey,40,11743,2,99
2020-11-05,Monterey,41,11784,0,99
2020-11-06,Monterey,130,11914,0,99
2020-11-07,Monterey,111,12025,2,101
2020-11-08,Monterey,97,12122,0,101
2020-11-09,Monterey,26,12148,0,101
2020-11-10,Monterey,187,12335,1,102
2020-11-11,Monterey,82,12417,1,103
2020-11-12,Monterey,72,12489,0,103
2020-11-13,Monterey,192,12681,4,107
2020-11-14,Monterey,173,12854,1,108
2020-11-15,Monterey,145,12999,2,110
2020-11-16,Monterey,90,13089,0,110
2020-11-17,Monterey,131,13220,1,111
2020-11-18,Monterey,120,13340,0,111
2020-11-19,Monterey,29,13369,0,111
2020-11-20,Monterey,369,13738,2,113
2020-11-21,Monterey,148,13886,0,113
2020-11-22,Monterey,1,13887,1,114
2020-11-23,Monterey,378,14265,1,115
2020-11-24,Monterey,89,14354,1,116
2020-11-25,Monterey,341,14695,0,116
2020-11-26,Monterey,55,14750,0,116
2020-11-27,Monterey,3,14753,0,116
2020-11-28,Monterey,575,15328,5,121
2020-11-29,Monterey,293,15621,1,122
2020-11-30,Monterey,216,15837,0,122
2020-12-01,Monterey,-2,15835,1,123
2020-12-02,Monterey,229,16064,1,124
2020-12-03,Monterey,154,16218,4,128
2020-12-04,Monterey,519,16737,2,130
2020-12-05,Monterey,340,17077,0,130
2020-12-06,Monterey,349,17426,4,134
2020-12-07,Monterey,320,17746,2,136
2020-12-08,Monterey,6,17752,0,136
2020-12-09,Monterey,139,17891,10,146
2020-12-10,Monterey,375,18266,2,148
2020-12-11,Monterey,155,18421,5,153
2020-12-12,Monterey,175,18596,1,154
2020-12-13,Monterey,317,18913,2,156
2020-12-14,Monterey,241,19154,2,158
2020-12-15,Monterey,751,19905,7,165
2020-12-16,Monterey,1202,21107,2,167
2020-12-17,Monterey,844,21951,0,167
2020-12-18,Monterey,385,22336,3,170
2020-12-19,Monterey,463,22799,7,177
2020-12-20,Monterey,451,23250,0,177
2020-12-21,Monterey,423,23673,1,178
2020-12-22,Monterey,479,24152,2,180
2020-03-18,Yuba,0,0,0,0
2020-03-19,Yuba,0,0,0,0
2020-03-20,Yuba,0,0,0,0
2020-03-21,Yuba,1,1,0,0
2020-03-22,Yuba,1,2,0,0
2020-03-23,Yuba,0,2,0,0
2020-03-24,Yuba,0,2,0,0
2020-03-25,Yuba,0,2,0,0
2020-03-26,Yuba,1,3,0,0
2020-03-27,Yuba,0,3,0,0
2020-03-28,Yuba,0,3,0,0
2020-03-29,Yuba,0,3,0,0
2020-03-30,Yuba,2,5,0,0
2020-03-31,Yuba,0,5,0,0
2020-04-01,Yuba,0,5,0,0
2020-04-02,Yuba,0,5,0,0
2020-04-03,Yuba,1,6,0,0
2020-04-04,Yuba,1,7,0,0
2020-04-05,Yuba,0,7,0,0
2020-04-06,Yuba,1,8,0,0
2020-04-07,Yuba,2,10,0,0
2020-04-08,Yuba,0,10,0,0
2020-04-09,Yuba,3,13,0,0
2020-04-10,Yuba,0,13,1,1
2020-04-11,Yuba,0,13,0,1
2020-04-12,Yuba,0,13,0,1
2020-04-13,Yuba,0,13,0,1
2020-04-14,Yuba,1,14,0,1
2020-04-15,Yuba,1,15,0,1
2020-04-16,Yuba,-1,14,0,1
2020-04-17,Yuba,0,14,0,1
2020-04-18,Yuba,0,14,0,1
2020-04-19,Yuba,1,15,0,1
2020-04-20,Yuba,0,15,0,1
2020-04-21,Yuba,0,15,0,1
2020-04-22,Yuba,0,15,0,1
2020-04-23,Yuba,0,15,0,1
2020-04-24,Yuba,0,15,0,1
2020-04-25,Yuba,0,15,0,1
2020-04-26,Yuba,0,15,0,1
2020-04-27,Yuba,0,15,0,1
2020-04-28,Yuba,0,15,0,1
2020-04-29,Yuba,0,15,0,1
2020-04-30,Yuba,0,15,0,1
2020-05-01,Yuba,1,16,0,1
2020-05-02,Yuba,0,16,0,1
2020-05-03,Yuba,0,16,0,1
2020-05-04,Yuba,0,16,0,1
2020-05-05,Yuba,-1,15,0,1
2020-05-06,Yuba,0,15,0,1
2020-05-07,Yuba,1,16,0,1
2020-05-08,Yuba,0,16,0,1
2020-05-09,Yuba,1,17,0,1
2020-05-10,Yuba,0,17,0,1
2020-05-11,Yuba,1,18,0,1
2020-05-12,Yuba,1,19,0,1
2020-05-13,Yuba,0,19,0,1
2020-05-14,Yuba,2,21,0,1
2020-05-15,Yuba,0,21,0,1
2020-05-16,Yuba,0,21,0,1
2020-05-17,Yuba,0,21,0,1
2020-05-18,Yuba,2,23,0,1
2020-05-19,Yuba,0,23,0,1
2020-05-20,Yuba,0,23,0,1
2020-05-21,Yuba,1,24,0,1
2020-05-22,Yuba,0,24,0,1
2020-05-23,Yuba,0,24,0,1
2020-05-24,Yuba,0,24,0,1
2020-05-25,Yuba,0,24,0,1
2020-05-26,Yuba,0,24,0,1
2020-05-27,Yuba,0,24,0,1
2020-05-28,Yuba,0,24,0,1
2020-05-29,Yuba,1,25,0,1
2020-05-30,Yuba,0,25,0,1
2020-05-31,Yuba,1,26,0,1
2020-06-01,Yuba,0,26,0,1
2020-06-02,Yuba,1,27,0,1
2020-06-03,Yuba,0,27,0,1
2020-06-04,Yuba,0,27,0,1
2020-06-05,Yuba,0,27,0,1
2020-06-06,Yuba,0,27,0,1
2020-06-07,Yuba,0,27,0,1
2020-06-08,Yuba,0,27,0,1
2020-06-09,Yuba,0,27,0,1
2020-06-10,Yuba,0,27,0,1
2020-06-11,Yuba,0,27,0,1
2020-06-12,Yuba,0,27,0,1
2020-06-13,Yuba,1,28,0,1
2020-06-14,Yuba,0,28,0,1
2020-06-15,Yuba,0,28,0,1
2020-06-16,Yuba,1,29,3,4
2020-06-17,Yuba,1,30,0,4
2020-06-18,Yuba,2,32,0,4
2020-06-19,Yuba,1,33,-3,1
2020-06-20,Yuba,1,34,0,1
2020-06-21,Yuba,1,35,0,1
2020-06-22,Yuba,1,36,0,1
2020-06-23,Yuba,-1,35,0,1
2020-06-24,Yuba,2,37,0,1
2020-06-25,Yuba,1,38,0,1
2020-06-26,Yuba,0,38,0,1
2020-06-27,Yuba,1,39,0,1
2020-06-28,Yuba,0,39,0,1
2020-06-29,Yuba,16,55,0,1
2020-06-30,Yuba,1,56,0,1
2020-07-01,Yuba,23,79,0,1
2020-07-02,Yuba,14,93,0,1
2020-07-03,Yuba,3,96,0,1
2020-07-04,Yuba,6,102,1,2
2020-07-05,Yuba,13,115,0,2
2020-07-06,Yuba,9,124,0,2
2020-07-07,Yuba,14,138,0,2
2020-07-08,Yuba,7,145,0,2
2020-07-09,Yuba,7,152,1,3
2020-07-10,Yuba,12,164,0,3
2020-07-11,Yuba,11,175,0,3
2020-07-12,Yuba,13,188,0,3
2020-07-13,Yuba,6,194,0,3
2020-07-14,Yuba,16,210,0,3
2020-07-15,Yuba,11,221,0,3
2020-07-16,Yuba,0,221,0,3
2020-07-17,Yuba,10,231,0,3
2020-07-18,Yuba,6,237,0,3
2020-07-19,Yuba,3,240,0,3
2020-07-20,Yuba,18,258,0,3
2020-07-21,Yuba,11,269,0,3
2020-07-22,Yuba,19,288,0,3
2020-07-23,Yuba,9,297,0,3
2020-07-24,Yuba,10,307,0,3
2020-07-25,Yuba,5,312,0,3
2020-07-26,Yuba,1,313,0,3
2020-07-27,Yuba,15,328,0,3
2020-07-28,Yuba,5,333,0,3
2020-07-29,Yuba,17,350,1,4
2020-07-30,Yuba,12,362,0,4
2020-07-31,Yuba,7,369,0,4
2020-08-01,Yuba,18,387,0,4
2020-08-02,Yuba,6,393,0,4
2020-08-03,Yuba,0,393,0,4
2020-08-04,Yuba,5,398,0,4
2020-08-05,Yuba,2,400,0,4
2020-08-06,Yuba,7,407,0,4
2020-08-07,Yuba,6,413,0,4
2020-08-08,Yuba,17,430,0,4
2020-08-09,Yuba,12,442,0,4
2020-08-10,Yuba,85,527,0,4
2020-08-11,Yuba,13,540,0,4
2020-08-12,Yuba,9,549,0,4
2020-08-13,Yuba,19,568,0,4
2020-08-14,Yuba,38,606,0,4
2020-08-15,Yuba,17,623,0,4
2020-08-16,Yuba,24,647,0,4
2020-08-17,Yuba,0,647,0,4
2020-08-18,Yuba,32,679,0,4
2020-08-19,Yuba,22,701,0,4
2020-08-20,Yuba,8,709,0,4
2020-08-21,Yuba,8,717,0,4
2020-08-22,Yuba,21,738,0,4
2020-08-23,Yuba,12,750,0,4
2020-08-24,Yuba,0,750,0,4
2020-08-25,Yuba,25,775,1,5
2020-08-26,Yuba,4,779,0,5
2020-08-27,Yuba,28,807,1,6
2020-08-28,Yuba,3,810,0,6
2020-08-29,Yuba,12,822,0,6
2020-08-30,Yuba,10,832,0,6
2020-08-31,Yuba,-2,830,0,6
2020-09-01,Yuba,11,841,0,6
2020-09-02,Yuba,15,856,0,6
2020-09-03,Yuba,11,867,0,6
2020-09-04,Yuba,17,884,0,6
2020-09-05,Yuba,18,902,0,6
2020-09-06,Yuba,11,913,0,6
2020-09-07,Yuba,10,923,0,6
2020-09-08,Yuba,0,923,1,7
2020-09-09,Yuba,13,936,0,7
2020-09-10,Yuba,5,941,0,7
2020-09-11,Yuba,5,946,0,7
2020-09-12,Yuba,17,963,0,7
2020-09-13,Yuba,4,967,0,7
2020-09-14,Yuba,10,977,0,7
2020-09-15,Yuba,14,991,0,7
2020-09-16,Yuba,9,1000,0,7
2020-09-17,Yuba,15,1015,0,7
2020-09-18,Yuba,5,1020,0,7
2020-09-19,Yuba,3,1023,0,7
2020-09-20,Yuba,6,1029,0,7
2020-09-21,Yuba,4,1033,0,7
2020-09-22,Yuba,2,1035,0,7
2020-09-23,Yuba,3,1038,0,7
2020-09-24,Yuba,4,1042,0,7
2020-09-25,Yuba,7,1049,0,7
2020-09-26,Yuba,7,1056,0,7
2020-09-27,Yuba,3,1059,0,7
2020-09-28,Yuba,3,1062,1,8
2020-09-29,Yuba,9,1071,0,8
2020-09-30,Yuba,4,1075,0,8
2020-10-01,Yuba,7,1082,0,8
2020-10-02,Yuba,8,1090,0,8
2020-10-03,Yuba,7,1097,1,9
2020-10-04,Yuba,6,1103,0,9
2020-10-05,Yuba,5,1108,0,9
2020-10-06,Yuba,6,1114,1,10
2020-10-07,Yuba,6,1120,0,10
2020-10-08,Yuba,6,1126,0,10
2020-10-09,Yuba,3,1129,0,10
2020-10-10,Yuba,5,1134,0,10
2020-10-11,Yuba,3,1137,0,10
2020-10-12,Yuba,4,1141,0,10
2020-10-13,Yuba,2,1143,0,10
2020-10-14,Yuba,4,1147,0,10
2020-10-15,Yuba,4,1151,0,10
2020-10-16,Yuba,4,1155,0,10
2020-10-17,Yuba,9,1164,0,10
2020-10-18,Yuba,12,1176,0,10
2020-10-19,Yuba,7,1183,0,10
2020-10-20,Yuba,8,1191,0,10
2020-10-21,Yuba,3,1194,0,10
2020-10-22,Yuba,5,1199,0,10
2020-10-23,Yuba,7,1206,0,10
2020-10-24,Yuba,4,1210,0,10
2020-10-25,Yuba,9,1219,0,10
2020-10-26,Yuba,7,1226,0,10
2020-10-27,Yuba,9,1235,0,10
2020-10-28,Yuba,10,1245,0,10
2020-10-29,Yuba,3,1248,0,10
2020-10-30,Yuba,8,1256,0,10
2020-10-31,Yuba,4,1260,0,10
2020-11-01,Yuba,13,1273,0,10
2020-11-02,Yuba,7,1280,0,10
2020-11-03,Yuba,15,1295,0,10
2020-11-04,Yuba,17,1312,0,10
2020-11-05,Yuba,10,1322,0,10
2020-11-06,Yuba,13,1335,0,10
2020-11-07,Yuba,9,1344,0,10
2020-11-08,Yuba,25,1369,0,10
2020-11-09,Yuba,11,1380,0,10
2020-11-10,Yuba,12,1392,0,10
2020-11-11,Yuba,8,1400,0,10
2020-11-12,Yuba,10,1410,0,10
2020-11-13,Yuba,25,1435,0,10
2020-11-14,Yuba,18,1453,0,10
2020-11-15,Yuba,17,1470,0,10
2020-11-16,Yuba,30,1500,0,10
2020-11-17,Yuba,19,1519,0,10
2020-11-18,Yuba,21,1540,0,10
2020-11-19,Yuba,28,1568,0,10
2020-11-20,Yuba,43,1611,0,10
2020-11-21,Yuba,32,1643,0,10
2020-11-22,Yuba,29,1672,0,10
2020-11-23,Yuba,30,1702,0,10
2020-11-24,Yuba,102,1804,0,10
2020-11-25,Yuba,36,1840,0,10
2020-11-26,Yuba,25,1865,0,10
2020-11-27,Yuba,-1,1864,0,10
2020-11-28,Yuba,48,1912,0,10
2020-11-29,Yuba,47,1959,0,10
2020-11-30,Yuba,69,2028,0,10
2020-12-01,Yuba,60,2088,0,10
2020-12-02,Yuba,31,2119,0,10
2020-12-03,Yuba,63,2182,1,11
2020-12-04,Yuba,43,2225,0,11
2020-12-05,Yuba,50,2275,0,11
2020-12-06,Yuba,65,2340,0,11
2020-12-07,Yuba,88,2428,0,11
2020-12-08,Yuba,49,2477,0,11
2020-12-09,Yuba,36,2513,-1,10
2020-12-10,Yuba,91,2604,0,10
2020-12-11,Yuba,45,2649,0,10
2020-12-12,Yuba,43,2692,0,10
2020-12-13,Yuba,62,2754,0,10
2020-12-14,Yuba,97,2851,0,10
2020-12-15,Yuba,40,2891,3,13
2020-12-16,Yuba,89,2980,1,14
2020-12-17,Yuba,55,3035,0,14
2020-12-18,Yuba,62,3097,0,14
2020-12-19,Yuba,71,3168,1,15
2020-12-20,Yuba,86,3254,0,15
2020-12-21,Yuba,75,3329,0,15
2020-12-22,Yuba,50,3379,0,15
2020-03-18,San Francisco,65,65,0,0
2020-03-19,San Francisco,15,80,0,0
2020-03-20,San Francisco,7,87,0,0
2020-03-21,San Francisco,19,106,0,0
2020-03-22,San Francisco,28,134,0,0
2020-03-23,San Francisco,18,152,0,0
2020-03-24,San Francisco,29,181,1,1
2020-03-25,San Francisco,32,213,1,2
2020-03-26,San Francisco,48,261,-1,1
2020-03-27,San Francisco,24,285,1,2
2020-03-28,San Francisco,15,300,1,3
2020-03-29,San Francisco,33,333,2,5
2020-03-30,San Francisco,35,368,0,5
2020-03-31,San Francisco,36,404,0,5
2020-04-01,San Francisco,28,432,1,6
2020-04-02,San Francisco,41,473,0,6
2020-04-03,San Francisco,33,506,0,6
2020-04-04,San Francisco,31,537,0,6
2020-04-05,San Francisco,22,559,0,6
2020-04-06,San Francisco,27,586,0,6
2020-04-07,San Francisco,50,636,0,6
2020-04-08,San Francisco,51,687,1,7
2020-04-09,San Francisco,61,748,1,8
2020-04-10,San Francisco,49,797,4,12
2020-04-11,San Francisco,63,860,0,12
2020-04-12,San Francisco,26,886,0,12
2020-04-13,San Francisco,73,959,3,15
2020-04-14,San Francisco,9,968,0,15
2020-04-15,San Francisco,38,1006,2,17
2020-04-16,San Francisco,33,1039,0,17
2020-04-17,San Francisco,51,1090,3,20
2020-04-18,San Francisco,54,1144,0,20
2020-04-19,San Francisco,9,1153,0,20
2020-04-20,San Francisco,70,1223,0,20
2020-04-21,San Francisco,9,1232,0,20
2020-04-22,San Francisco,23,1255,1,21
2020-04-23,San Francisco,57,1312,0,21
2020-04-24,San Francisco,33,1345,1,22
2020-04-25,San Francisco,-4,1341,0,22
2020-04-26,San Francisco,62,1403,1,23
2020-04-27,San Francisco,50,1453,0,23
2020-04-28,San Francisco,18,1471,0,23
2020-04-29,San Francisco,18,1489,0,23
2020-04-30,San Francisco,29,1518,3,26
2020-05-01,San Francisco,34,1552,3,29
2020-05-02,San Francisco,80,1632,0,29
2020-05-03,San Francisco,60,1692,1,30
2020-05-04,San Francisco,68,1760,1,31
2020-05-05,San Francisco,19,1779,0,31
2020-05-06,San Francisco,25,1804,0,31
2020-05-07,San Francisco,48,1852,1,32
2020-05-08,San Francisco,38,1890,1,33
2020-05-09,San Francisco,54,1944,1,34
2020-05-10,San Francisco,9,1953,0,34
2020-05-11,San Francisco,21,1974,1,35
2020-05-12,San Francisco,7,1981,0,35
2020-05-13,San Francisco,23,2004,0,35
2020-05-14,San Francisco,25,2029,0,35
2020-05-15,San Francisco,33,2062,1,36
2020-05-16,San Francisco,32,2094,0,36
2020-05-17,San Francisco,38,2132,0,36
2020-05-18,San Francisco,51,2183,0,36
2020-05-19,San Francisco,3,2186,0,36
2020-05-20,San Francisco,13,2199,1,37
2020-05-21,San Francisco,49,2248,0,37
2020-05-22,San Francisco,3,2251,3,40
2020-05-23,San Francisco,61,2312,0,40
2020-05-24,San Francisco,6,2318,0,40
2020-05-25,San Francisco,40,2358,0,40
2020-05-26,San Francisco,5,2363,0,40
2020-05-27,San Francisco,31,2394,0,40
2020-05-28,San Francisco,23,2417,0,40
2020-05-29,San Francisco,36,2453,1,41
2020-05-30,San Francisco,43,2496,0,41
2020-05-31,San Francisco,5,2501,1,42
2020-06-01,San Francisco,45,2546,1,43
2020-06-02,San Francisco,8,2554,0,43
2020-06-03,San Francisco,54,2608,0,43
2020-06-04,San Francisco,28,2636,0,43
2020-06-05,San Francisco,39,2675,0,43
2020-06-06,San Francisco,-1,2674,0,43
2020-06-07,San Francisco,0,2674,0,43
2020-06-08,San Francisco,41,2715,0,43
2020-06-09,San Francisco,34,2749,1,44
2020-06-10,San Francisco,25,2774,0,44
2020-06-11,San Francisco,-8,2766,0,44
2020-06-12,San Francisco,57,2823,0,44
2020-06-13,San Francisco,11,2834,0,44
2020-06-14,San Francisco,0,2834,1,45
2020-06-15,San Francisco,-1,2833,0,45
2020-06-16,San Francisco,60,2893,1,46
2020-06-17,San Francisco,13,2906,1,47
2020-06-18,San Francisco,45,2951,0,47
2020-06-19,San Francisco,17,2968,0,47
2020-06-20,San Francisco,31,2999,0,47
2020-06-21,San Francisco,1,3000,0,47
2020-06-22,San Francisco,0,3000,1,48
2020-06-23,San Francisco,177,3177,0,48
2020-06-24,San Francisco,39,3216,0,48
2020-06-25,San Francisco,42,3258,0,48
2020-06-26,San Francisco,83,3341,0,48
2020-06-27,San Francisco,52,3393,1,49
2020-06-28,San Francisco,54,3447,1,50
2020-06-29,San Francisco,64,3511,0,50
2020-06-30,San Francisco,90,3601,0,50
2020-07-01,San Francisco,23,3624,0,50
2020-07-02,San Francisco,52,3676,0,50
2020-07-03,San Francisco,105,3781,0,50
2020-07-04,San Francisco,80,3861,0,50
2020-07-05,San Francisco,0,3861,0,50
2020-07-06,San Francisco,0,3861,0,50
2020-07-07,San Francisco,184,4045,0,50
2020-07-08,San Francisco,48,4093,0,50
2020-07-09,San Francisco,50,4143,0,50
2020-07-10,San Francisco,162,4305,0,50
2020-07-11,San Francisco,125,4430,0,50
2020-07-12,San Francisco,105,4535,0,50
2020-07-13,San Francisco,60,4595,0,50
2020-07-14,San Francisco,64,4659,0,50
2020-07-15,San Francisco,98,4757,0,50
2020-07-16,San Francisco,81,4838,1,51
2020-07-17,San Francisco,129,4967,1,52
2020-07-18,San Francisco,84,5051,0,52
2020-07-19,San Francisco,43,5094,0,52
2020-07-20,San Francisco,-4,5090,0,52
2020-07-21,San Francisco,287,5377,1,53
2020-07-22,San Francisco,96,5473,0,53
2020-07-23,San Francisco,70,5543,2,55
2020-07-24,San Francisco,68,5611,1,56
2020-07-25,San Francisco,33,5644,0,56
2020-07-26,San Francisco,179,5823,0,56
2020-07-27,San Francisco,2,5825,0,56
2020-07-28,San Francisco,63,5888,0,56
2020-07-29,San Francisco,153,6041,1,57
2020-07-30,San Francisco,66,6107,1,58
2020-07-31,San Francisco,19,6126,1,59
2020-08-01,San Francisco,170,6296,2,61
2020-08-02,San Francisco,1,6297,0,61
2020-08-03,San Francisco,22,6319,0,61
2020-08-04,San Francisco,249,6568,0,61
2020-08-05,San Francisco,133,6701,1,62
2020-08-06,San Francisco,36,6737,1,63
2020-08-07,San Francisco,28,6765,1,64
2020-08-08,San Francisco,55,6820,3,67
2020-08-09,San Francisco,0,6820,0,67
2020-08-10,San Francisco,-4,6816,0,67
2020-08-11,San Francisco,172,6988,0,67
2020-08-12,San Francisco,206,7194,0,67
2020-08-13,San Francisco,83,7277,0,67
2020-08-14,San Francisco,190,7467,2,69
2020-08-15,San Francisco,134,7601,0,69
2020-08-16,San Francisco,1,7602,0,69
2020-08-17,San Francisco,-2,7600,0,69
2020-08-18,San Francisco,416,8016,1,70
2020-08-19,San Francisco,220,8236,2,72
2020-08-20,San Francisco,26,8262,0,72
2020-08-21,San Francisco,113,8375,0,72
2020-08-22,San Francisco,193,8568,2,74
2020-08-23,San Francisco,-4,8564,3,77
2020-08-24,San Francisco,57,8621,0,77
2020-08-25,San Francisco,227,8848,0,77
2020-08-26,San Francisco,90,8938,3,80
2020-08-27,San Francisco,76,9014,2,82
2020-08-28,San Francisco,121,9135,1,83
2020-08-29,San Francisco,156,9291,0,83
2020-08-30,San Francisco,3,9294,0,83
2020-08-31,San Francisco,-1,9293,0,83
2020-09-01,San Francisco,199,9492,0,83
2020-09-02,San Francisco,95,9587,1,84
2020-09-03,San Francisco,49,9636,0,84
2020-09-04,San Francisco,58,9694,0,84
2020-09-05,San Francisco,118,9812,2,86
2020-09-06,San Francisco,1,9813,0,86
2020-09-07,San Francisco,0,9813,0,86
2020-09-08,San Francisco,8,9821,0,86
2020-09-09,San Francisco,175,9996,1,87
2020-09-10,San Francisco,86,10082,1,88
2020-09-11,San Francisco,51,10133,1,89
2020-09-12,San Francisco,124,10257,1,90
2020-09-13,San Francisco,-3,10254,1,91
2020-09-14,San Francisco,1,10255,0,91
2020-09-15,San Francisco,159,10414,0,91
2020-09-16,San Francisco,88,10502,0,91
2020-09-17,San Francisco,62,10564,0,91
2020-09-18,San Francisco,80,10644,5,96
2020-09-19,San Francisco,97,10741,1,97
2020-09-20,San Francisco,2,10743,2,99
2020-09-21,San Francisco,0,10743,0,99
2020-09-22,San Francisco,150,10893,0,99
2020-09-23,San Francisco,33,10926,0,99
2020-09-24,San Francisco,66,10992,0,99
2020-09-25,San Francisco,74,11066,0,99
2020-09-26,San Francisco,47,11113,2,101
2020-09-27,San Francisco,1,11114,0,101
2020-09-28,San Francisco,0,11114,0,101
2020-09-29,San Francisco,28,11142,0,101
2020-09-30,San Francisco,105,11247,3,104
2020-10-01,San Francisco,37,11284,2,106
2020-10-02,San Francisco,114,11398,1,107
2020-10-03,San Francisco,77,11475,0,107
2020-10-04,San Francisco,-1,11474,1,108
2020-10-05,San Francisco,2,11476,0,108
2020-10-06,San Francisco,37,11513,3,111
2020-10-07,San Francisco,38,11551,3,114
2020-10-08,San Francisco,57,11608,1,115
2020-10-09,San Francisco,12,11620,6,121
2020-10-10,San Francisco,43,11663,2,123
2020-10-11,San Francisco,-4,11659,0,123
2020-10-12,San Francisco,0,11659,0,123
2020-10-13,San Francisco,0,11659,0,123
2020-10-14,San Francisco,124,11783,0,123
2020-10-15,San Francisco,25,11808,3,126
2020-10-16,San Francisco,32,11840,4,130
2020-10-17,San Francisco,37,11877,3,133
2020-10-18,San Francisco,1,11878,0,133
2020-10-19,San Francisco,1,11879,0,133
2020-10-20,San Francisco,134,12013,0,133
2020-10-21,San Francisco,-37,11976,4,137
2020-10-22,San Francisco,15,11991,1,138
2020-10-23,San Francisco,24,12015,2,140
2020-10-24,San Francisco,58,12073,0,140
2020-10-25,San Francisco,-1,12072,0,140
2020-10-26,San Francisco,0,12072,0,140
2020-10-27,San Francisco,146,12218,0,140
2020-10-28,San Francisco,43,12261,5,145
2020-10-29,San Francisco,51,12312,0,145
2020-10-30,San Francisco,72,12384,2,147
2020-10-31,San Francisco,54,12438,1,148
2020-11-01,San Francisco,-2,12436,0,148
2020-11-02,San Francisco,0,12436,0,148
2020-11-03,San Francisco,149,12585,1,149
2020-11-04,San Francisco,64,12649,0,149
2020-11-05,San Francisco,77,12726,0,149
2020-11-06,San Francisco,99,12825,2,151
2020-11-07,San Francisco,155,12980,0,151
2020-11-08,San Francisco,5,12985,0,151
2020-11-09,San Francisco,-1,12984,0,151
2020-11-10,San Francisco,226,13210,0,151
2020-11-11,San Francisco,77,13287,1,152
2020-11-12,San Francisco,2,13289,1,153
2020-11-13,San Francisco,227,13516,0,153
2020-11-14,San Francisco,145,13661,2,155
2020-11-15,San Francisco,96,13757,1,156
2020-11-16,San Francisco,90,13847,0,156
2020-11-17,San Francisco,105,13952,0,156
2020-11-18,San Francisco,105,14057,0,156
2020-11-19,San Francisco,121,14178,0,156
2020-11-20,San Francisco,149,14327,0,156
2020-11-21,San Francisco,118,14445,2,158
2020-11-22,San Francisco,70,14515,0,158
2020-11-23,San Francisco,131,14646,0,158
2020-11-24,San Francisco,228,14874,0,158
2020-11-25,San Francisco,179,15053,2,160
2020-11-26,San Francisco,103,15156,0,160
2020-11-27,San Francisco,221,15377,0,160
2020-11-28,San Francisco,73,15450,0,160
2020-11-29,San Francisco,121,15571,0,160
2020-11-30,San Francisco,67,15638,0,160
2020-12-01,San Francisco,159,15797,0,160
2020-12-02,San Francisco,261,16058,0,160
2020-12-03,San Francisco,178,16236,1,161
2020-12-04,San Francisco,263,16499,1,162
2020-12-05,San Francisco,287,16786,2,164
2020-12-06,San Francisco,321,17107,0,164
2020-12-07,San Francisco,113,17220,0,164
2020-12-08,San Francisco,164,17384,0,164
2020-12-09,San Francisco,244,17628,0,164
2020-12-10,San Francisco,317,17945,1,165
2020-12-11,San Francisco,301,18246,2,167
2020-12-12,San Francisco,167,18413,0,167
2020-12-13,San Francisco,273,18686,0,167
2020-12-14,San Francisco,218,18904,0,167
2020-12-15,San Francisco,379,19283,0,167
2020-12-16,San Francisco,341,19624,5,172
2020-12-17,San Francisco,315,19939,0,172
2020-12-18,San Francisco,376,20315,1,173
2020-12-19,San Francisco,328,20643,3,176
2020-12-20,San Francisco,294,20937,0,176
2020-12-21,San Francisco,149,21086,0,176
2020-12-22,San Francisco,146,21232,0,176
2020-03-18,Orange,38,38,0,0
2020-03-19,Orange,21,59,0,0
2020-03-20,Orange,12,71,0,0
2020-03-21,Orange,14,85,0,0
2020-03-22,Orange,17,102,0,0
2020-03-23,Orange,36,138,0,0
2020-03-24,Orange,28,166,0,0
2020-03-25,Orange,48,214,1,1
2020-03-26,Orange,65,279,0,1
2020-03-27,Orange,20,299,1,2
2020-03-28,Orange,29,328,0,2
2020-03-29,Orange,15,343,0,2
2020-03-30,Orange,75,418,3,5
2020-03-31,Orange,88,506,2,7
2020-04-01,Orange,73,579,4,11
2020-04-02,Orange,61,640,1,12
2020-04-03,Orange,73,713,1,13
2020-04-04,Orange,68,781,2,15
2020-04-05,Orange,39,820,0,15
2020-04-06,Orange,90,910,2,17
2020-04-07,Orange,61,971,2,19
2020-04-08,Orange,63,1034,0,19
2020-04-09,Orange,71,1105,0,19
2020-04-10,Orange,62,1167,-2,17
2020-04-11,Orange,100,1267,4,21
2020-04-12,Orange,16,1283,0,21
2020-04-13,Orange,30,1313,0,21
2020-04-14,Orange,49,1362,0,21
2020-04-15,Orange,15,1377,1,22
2020-04-16,Orange,62,1439,4,26
2020-04-17,Orange,57,1496,2,28
2020-04-18,Orange,73,1569,4,32
2020-04-19,Orange,22,1591,0,32
2020-04-20,Orange,88,1679,1,33
2020-04-21,Orange,38,1717,0,33
2020-04-22,Orange,68,1785,1,34
2020-04-23,Orange,56,1841,2,36
2020-04-24,Orange,104,1945,3,39
2020-04-25,Orange,102,2047,0,39
2020-04-26,Orange,77,2124,1,40
2020-04-27,Orange,74,2198,2,42
2020-04-28,Orange,126,2324,0,42
2020-04-29,Orange,97,2421,2,44
2020-04-30,Orange,170,2591,2,46
2020-05-01,Orange,69,2660,5,51
2020-05-02,Orange,114,2774,1,52
2020-05-03,Orange,85,2859,3,55
2020-05-04,Orange,72,2931,2,57
2020-05-05,Orange,110,3041,4,61
2020-05-06,Orange,115,3156,4,65
2020-05-07,Orange,127,3283,1,66
2020-05-08,Orange,112,3395,6,72
2020-05-09,Orange,111,3506,3,75
2020-05-10,Orange,121,3627,1,76
2020-05-11,Orange,72,3699,2,78
2020-05-12,Orange,144,3843,0,78
2020-05-13,Orange,182,4025,2,80
2020-05-14,Orange,138,4163,0,80
2020-05-15,Orange,118,4281,4,84
2020-05-16,Orange,115,4396,3,87
2020-05-17,Orange,70,4466,1,88
2020-05-18,Orange,92,4558,0,88
2020-05-19,Orange,188,4746,0,88
2020-05-20,Orange,120,4866,10,98
2020-05-21,Orange,109,4975,14,112
2020-05-22,Orange,169,5144,6,118
2020-05-23,Orange,169,5313,12,130
2020-05-24,Orange,126,5439,1,131
2020-05-25,Orange,162,5601,0,131
2020-05-26,Orange,50,5651,0,131
2020-05-27,Orange,198,5849,5,136
2020-05-28,Orange,196,6045,6,142
2020-05-29,Orange,131,6176,3,145
2020-05-30,Orange,178,6354,1,146
2020-05-31,Orange,178,6532,1,147
2020-06-01,Orange,108,6640,0,147
2020-06-02,Orange,150,6790,3,150
2020-06-03,Orange,149,6939,8,158
2020-06-04,Orange,253,7192,7,165
2020-06-05,Orange,199,7391,9,174
2020-06-06,Orange,185,7576,2,176
2020-06-07,Orange,67,7643,1,177
2020-06-08,Orange,143,7786,0,177
2020-06-09,Orange,205,7991,8,185
2020-06-10,Orange,231,8222,13,198
2020-06-11,Orange,82,8304,4,202
2020-06-12,Orange,136,8440,8,210
2020-06-13,Orange,141,8581,7,217
2020-06-14,Orange,163,8744,4,221
2020-06-15,Orange,200,8944,0,221
2020-06-16,Orange,219,9163,12,233
2020-06-17,Orange,115,9278,11,244
2020-06-18,Orange,319,9597,6,250
2020-06-19,Orange,375,9972,7,257
2020-06-20,Orange,312,10284,10,267
2020-06-21,Orange,279,10563,2,269
2020-06-22,Orange,148,10711,6,275
2020-06-23,Orange,360,11071,0,275
2020-06-24,Orange,733,11804,24,299
2020-06-25,Orange,498,12302,7,306
2020-06-26,Orange,466,12768,17,323
2020-06-27,Orange,323,13091,0,323
2020-06-28,Orange,498,13589,3,326
2020-06-29,Orange,963,14552,4,330
2020-06-30,Orange,649,15201,10,340
2020-07-01,Orange,1834,17035,5,345
2020-07-02,Orange,21,17056,9,354
2020-07-03,Orange,1763,18819,6,360
2020-07-04,Orange,428,19247,3,363
2020-07-05,Orange,183,19430,3,366
2020-07-06,Orange,737,20167,0,366
2020-07-07,Orange,1574,21741,3,369
2020-07-08,Orange,347,22088,7,376
2020-07-09,Orange,872,22960,26,402
2020-07-10,Orange,732,23692,10,412
2020-07-11,Orange,738,24430,9,421
2020-07-12,Orange,969,25399,2,423
2020-07-13,Orange,579,25978,1,424
2020-07-14,Orange,937,26915,9,433
2020-07-15,Orange,803,27718,22,455
2020-07-16,Orange,807,28525,11,466
2020-07-17,Orange,437,28962,3,469
2020-07-18,Orange,641,29603,25,494
2020-07-19,Orange,338,29941,-2,492
2020-07-20,Orange,396,30337,1,493
2020-07-21,Orange,1019,31356,20,513
2020-07-22,Orange,691,32047,8,521
2020-07-23,Orange,816,32863,22,543
2020-07-24,Orange,667,33530,13,556
2020-07-25,Orange,448,33978,6,562
2020-07-26,Orange,374,34352,2,564
2020-07-27,Orange,297,34649,2,566
2020-07-28,Orange,183,34832,15,581
2020-07-29,Orange,507,35339,6,587
2020-07-30,Orange,766,36105,17,604
2020-07-31,Orange,91,36196,14,618
2020-08-01,Orange,507,36703,31,649
2020-08-02,Orange,563,37266,2,651
2020-08-03,Orange,439,37705,0,651
2020-08-04,Orange,139,37844,2,653
2020-08-05,Orange,63,37907,12,665
2020-08-06,Orange,492,38399,32,697
2020-08-07,Orange,60,38459,7,704
2020-08-08,Orange,229,38688,16,720
2020-08-09,Orange,556,39244,6,726
2020-08-10,Orange,1201,40445,-2,724
2020-08-11,Orange,760,41205,10,734
2020-08-12,Orange,371,41576,11,745
2020-08-13,Orange,443,42019,24,769
2020-08-14,Orange,380,42399,20,789
2020-08-15,Orange,412,42811,20,809
2020-08-16,Orange,492,43303,1,810
2020-08-17,Orange,318,43621,0,810
2020-08-18,Orange,38,43659,5,815
2020-08-19,Orange,279,43938,18,833
2020-08-20,Orange,361,44299,23,856
2020-08-21,Orange,326,44625,26,882
2020-08-22,Orange,506,45131,14,896
2020-08-23,Orange,136,45267,1,897
2020-08-24,Orange,269,45536,0,897
2020-08-25,Orange,201,45737,15,912
2020-08-26,Orange,420,46157,6,918
2020-08-27,Orange,292,46449,29,947
2020-08-28,Orange,247,46696,9,956
2020-08-29,Orange,311,47007,19,975
2020-08-30,Orange,276,47283,4,979
2020-08-31,Orange,109,47392,1,980
2020-09-01,Orange,279,47671,8,988
2020-09-02,Orange,200,47871,19,1007
2020-09-03,Orange,355,48226,11,1018
2020-09-04,Orange,262,48488,24,1042
2020-09-05,Orange,238,48726,9,1051
2020-09-06,Orange,205,48931,2,1053
2020-09-07,Orange,201,49132,0,1053
2020-09-08,Orange,82,49214,3,1056
2020-09-09,Orange,180,49394,9,1065
2020-09-10,Orange,223,49617,4,1069
2020-09-11,Orange,138,49755,12,1081
2020-09-12,Orange,140,49895,12,1093
2020-09-13,Orange,166,50061,0,1093
2020-09-14,Orange,88,50149,0,1093
2020-09-15,Orange,145,50294,12,1105
2020-09-16,Orange,120,50414,6,1111
2020-09-17,Orange,123,50537,4,1115
2020-09-18,Orange,196,50733,8,1123
2020-09-19,Orange,266,50999,4,1127
2020-09-20,Orange,234,51233,1,1128
2020-09-21,Orange,130,51363,0,1128
2020-09-22,Orange,165,51528,22,1150
2020-09-23,Orange,130,51658,26,1176
2020-09-24,Orange,91,51749,6,1182
2020-09-25,Orange,282,52031,22,1204
2020-09-26,Orange,172,52203,10,1214
2020-09-27,Orange,255,52458,2,1216
2020-09-28,Orange,175,52633,0,1216
2020-09-29,Orange,122,52755,33,1249
2020-09-30,Orange,161,52916,19,1268
2020-10-01,Orange,172,53088,7,1275
2020-10-02,Orange,211,53299,6,1281
2020-10-03,Orange,274,53573,5,1286
2020-10-04,Orange,393,53966,0,1286
2020-10-05,Orange,137,54103,1,1287
2020-10-06,Orange,100,54203,2,1289
2020-10-07,Orange,129,54332,3,1292
2020-10-08,Orange,191,54523,14,1306
2020-10-09,Orange,223,54746,10,1316
2020-10-10,Orange,219,54965,24,1340
2020-10-11,Orange,237,55202,1,1341
2020-10-12,Orange,171,55373,0,1341
2020-10-13,Orange,142,55515,0,1341
2020-10-14,Orange,241,55756,19,1360
2020-10-15,Orange,196,55952,31,1391
2020-10-16,Orange,139,56091,10,1401
2020-10-17,Orange,106,56197,8,1409
2020-10-18,Orange,197,56394,0,1409
2020-10-19,Orange,258,56652,1,1410
2020-10-20,Orange,262,56914,2,1412
2020-10-21,Orange,275,57189,11,1423
2020-10-22,Orange,229,57418,11,1434
2020-10-23,Orange,177,57595,6,1440
2020-10-24,Orange,333,57928,4,1444
2020-10-25,Orange,257,58185,3,1447
2020-10-26,Orange,192,58377,0,1447
2020-10-27,Orange,173,58550,7,1454
2020-10-28,Orange,251,58801,13,1467
2020-10-29,Orange,245,59046,1,1468
2020-10-30,Orange,288,59334,7,1475
2020-10-31,Orange,154,59488,8,1483
2020-11-01,Orange,245,59733,1,1484
2020-11-02,Orange,263,59996,-1,1483
2020-11-03,Orange,287,60283,1,1484
2020-11-04,Orange,180,60463,7,1491
2020-11-05,Orange,277,60740,3,1494
2020-11-06,Orange,309,61049,9,1503
2020-11-07,Orange,334,61383,3,1506
2020-11-08,Orange,651,62034,3,1509
2020-11-09,Orange,301,62335,0,1509
2020-11-10,Orange,262,62597,3,1512
2020-11-11,Orange,332,62929,2,1514
2020-11-12,Orange,303,63232,6,1520
2020-11-13,Orange,572,63804,2,1522
2020-11-14,Orange,536,64340,2,1524
2020-11-15,Orange,668,65008,2,1526
2020-11-16,Orange,388,65396,0,1526
2020-11-17,Orange,361,65757,0,1526
2020-11-18,Orange,624,66381,2,1528
2020-11-19,Orange,617,66998,9,1537
2020-11-20,Orange,1214,68212,3,1540
2020-11-21,Orange,809,69021,11,1551
2020-11-22,Orange,892,69913,3,1554
2020-11-23,Orange,1161,71074,0,1554
2020-11-24,Orange,901,71975,2,1556
2020-11-25,Orange,1039,73014,3,1559
2020-11-26,Orange,1250,74264,0,1559
2020-11-27,Orange,887,75151,18,1577
2020-11-28,Orange,1731,76882,0,1577
2020-11-29,Orange,1175,78057,0,1577
2020-11-30,Orange,654,78711,0,1577
2020-12-01,Orange,757,79468,0,1577
2020-12-02,Orange,1578,81046,1,1578
2020-12-03,Orange,1141,82187,8,1586
2020-12-04,Orange,1551,83738,17,1603
2020-12-05,Orange,1997,85735,15,1618
2020-12-06,Orange,2002,87737,15,1633
2020-12-07,Orange,2056,89793,0,1633
2020-12-08,Orange,1613,91406,0,1633
2020-12-09,Orange,2357,93763,0,1633
2020-12-10,Orange,1534,95297,7,1640
2020-12-11,Orange,3060,98357,22,1662
2020-12-12,Orange,2111,100468,18,1680
2020-12-13,Orange,4300,104768,14,1694
2020-12-14,Orange,3834,108602,0,1694
2020-12-15,Orange,4291,112893,1,1695
2020-12-16,Orange,2367,115260,23,1718
2020-12-17,Orange,3107,118367,13,1731
2020-12-18,Orange,3314,121681,3,1734
2020-12-19,Orange,3893,125574,26,1760
2020-12-20,Orange,3206,128780,15,1775
2020-12-21,Orange,1664,130444,2,1777
2020-12-22,Orange,4406,134850,2,1779
2020-03-18,Mono,0,0,0,0
2020-03-19,Mono,0,0,0,0
2020-03-20,Mono,0,0,0,0
2020-03-21,Mono,1,1,0,0
2020-03-22,Mono,0,1,0,0
2020-03-23,Mono,0,1,0,0
2020-03-24,Mono,0,1,0,0
2020-03-25,Mono,3,4,0,0
2020-03-26,Mono,1,5,0,0
2020-03-27,Mono,1,6,0,0
2020-03-28,Mono,0,6,0,0
2020-03-29,Mono,2,8,0,0
2020-03-30,Mono,3,11,0,0
2020-03-31,Mono,1,12,0,0
2020-04-01,Mono,0,12,1,1
2020-04-02,Mono,4,16,0,1
2020-04-03,Mono,2,18,0,1
2020-04-04,Mono,0,18,0,1
2020-04-05,Mono,0,18,0,1
2020-04-06,Mono,0,18,0,1
2020-04-07,Mono,0,18,0,1
2020-04-08,Mono,1,19,0,1
2020-04-09,Mono,0,19,0,1
2020-04-10,Mono,1,20,0,1
2020-04-11,Mono,0,20,0,1
2020-04-12,Mono,0,20,0,1
2020-04-13,Mono,1,21,0,1
2020-04-14,Mono,1,22,0,1
2020-04-15,Mono,0,22,0,1
2020-04-16,Mono,0,22,0,1
2020-04-17,Mono,0,22,0,1
2020-04-18,Mono,0,22,0,1
2020-04-19,Mono,1,23,0,1
2020-04-20,Mono,0,23,0,1
2020-04-21,Mono,0,23,0,1
2020-04-22,Mono,0,23,0,1
2020-04-23,Mono,0,23,0,1
2020-04-24,Mono,0,23,0,1
2020-04-25,Mono,0,23,0,1
2020-04-26,Mono,0,23,0,1
2020-04-27,Mono,0,23,0,1
2020-04-28,Mono,2,25,0,1
2020-04-29,Mono,0,25,0,1
2020-04-30,Mono,0,25,0,1
2020-05-01,Mono,0,25,0,1
2020-05-02,Mono,0,25,0,1
2020-05-03,Mono,0,25,0,1
2020-05-04,Mono,0,25,0,1
2020-05-05,Mono,0,25,0,1
2020-05-06,Mono,1,26,0,1
2020-05-07,Mono,0,26,0,1
2020-05-08,Mono,1,27,0,1
2020-05-09,Mono,0,27,0,1
2020-05-10,Mono,0,27,0,1
2020-05-11,Mono,3,30,0,1
2020-05-12,Mono,1,31,0,1
2020-05-13,Mono,0,31,0,1
2020-05-14,Mono,0,31,0,1
2020-05-15,Mono,0,31,0,1
2020-05-16,Mono,1,32,0,1
2020-05-17,Mono,0,32,0,1
2020-05-18,Mono,1,33,0,1
2020-05-19,Mono,0,33,0,1
2020-05-20,Mono,0,33,0,1
2020-05-21,Mono,0,33,0,1
2020-05-22,Mono,1,34,0,1
2020-05-23,Mono,0,34,0,1
2020-05-24,Mono,0,34,0,1
2020-05-25,Mono,0,34,0,1
2020-05-26,Mono,0,34,0,1
2020-05-27,Mono,0,34,0,1
2020-05-28,Mono,0,34,0,1
2020-05-29,Mono,0,34,0,1
2020-05-30,Mono,0,34,0,1
2020-05-31,Mono,0,34,0,1
2020-06-01,Mono,1,35,0,1
2020-06-02,Mono,0,35,0,1
2020-06-03,Mono,0,35,0,1
2020-06-04,Mono,0,35,0,1
2020-06-05,Mono,0,35,0,1
2020-06-06,Mono,0,35,0,1
2020-06-07,Mono,0,35,0,1
2020-06-08,Mono,0,35,0,1
2020-06-09,Mono,0,35,0,1
2020-06-10,Mono,0,35,0,1
2020-06-11,Mono,0,35,0,1
2020-06-12,Mono,0,35,0,1
2020-06-13,Mono,0,35,0,1
2020-06-14,Mono,-1,34,0,1
2020-06-15,Mono,0,34,0,1
2020-06-16,Mono,0,34,0,1
2020-06-17,Mono,0,34,0,1
2020-06-18,Mono,0,34,0,1
2020-06-19,Mono,0,34,0,1
2020-06-20,Mono,0,34,0,1
2020-06-21,Mono,0,34,0,1
2020-06-22,Mono,0,34,0,1
2020-06-23,Mono,1,35,0,1
2020-06-24,Mono,0,35,0,1
2020-06-25,Mono,0,35,0,1
2020-06-26,Mono,0,35,0,1
2020-06-27,Mono,0,35,0,1
2020-06-28,Mono,0,35,0,1
2020-06-29,Mono,0,35,0,1
2020-06-30,Mono,1,36,0,1
2020-07-01,Mono,1,37,0,1
2020-07-02,Mono,0,37,0,1
2020-07-03,Mono,0,37,0,1
2020-07-04,Mono,0,37,0,1
2020-07-05,Mono,2,39,0,1
2020-07-06,Mono,1,40,0,1
2020-07-07,Mono,2,42,0,1
2020-07-08,Mono,3,45,0,1
2020-07-09,Mono,0,45,0,1
2020-07-10,Mono,0,45,0,1
2020-07-11,Mono,0,45,0,1
2020-07-12,Mono,0,45,0,1
2020-07-13,Mono,2,47,0,1
2020-07-14,Mono,1,48,0,1
2020-07-15,Mono,4,52,0,1
2020-07-16,Mono,1,53,0,1
2020-07-17,Mono,1,54,0,1
2020-07-18,Mono,0,54,0,1
2020-07-19,Mono,9,63,0,1
2020-07-20,Mono,15,78,0,1
2020-07-21,Mono,1,79,0,1
2020-07-22,Mono,3,82,0,1
2020-07-23,Mono,0,82,0,1
2020-07-24,Mono,0,82,0,1
2020-07-25,Mono,0,82,0,1
2020-07-26,Mono,0,82,0,1
2020-07-27,Mono,17,99,0,1
2020-07-28,Mono,3,102,0,1
2020-07-29,Mono,0,102,0,1
2020-07-30,Mono,2,104,0,1
2020-07-31,Mono,0,104,0,1
2020-08-01,Mono,0,104,0,1
2020-08-02,Mono,0,104,0,1
2020-08-03,Mono,0,104,0,1
2020-08-04,Mono,0,104,0,1
2020-08-05,Mono,0,104,0,1
2020-08-06,Mono,7,111,0,1
2020-08-07,Mono,1,112,0,1
2020-08-08,Mono,1,113,0,1
2020-08-09,Mono,0,113,0,1
2020-08-10,Mono,10,123,0,1
2020-08-11,Mono,1,124,0,1
2020-08-12,Mono,0,124,0,1
2020-08-13,Mono,0,124,0,1
2020-08-14,Mono,2,126,0,1
2020-08-15,Mono,0,126,0,1
2020-08-16,Mono,0,126,0,1
2020-08-17,Mono,0,126,0,1
2020-08-18,Mono,3,129,0,1
2020-08-19,Mono,-1,128,1,2
2020-08-20,Mono,0,128,0,2
2020-08-21,Mono,0,128,0,2
2020-08-22,Mono,1,129,0,2
2020-08-23,Mono,0,129,0,2
2020-08-24,Mono,0,129,0,2
2020-08-25,Mono,0,129,0,2
2020-08-26,Mono,12,141,0,2
2020-08-27,Mono,4,145,0,2
2020-08-28,Mono,0,145,0,2
2020-08-29,Mono,0,145,0,2
2020-08-30,Mono,0,145,0,2
2020-08-31,Mono,0,145,0,2
2020-09-01,Mono,0,145,0,2
2020-09-02,Mono,0,145,0,2
2020-09-03,Mono,-1,144,0,2
2020-09-04,Mono,1,145,0,2
2020-09-05,Mono,0,145,0,2
2020-09-06,Mono,0,145,0,2
2020-09-07,Mono,0,145,0,2
2020-09-08,Mono,0,145,0,2
2020-09-09,Mono,0,145,0,2
2020-09-10,Mono,0,145,0,2
2020-09-11,Mono,0,145,0,2
2020-09-12,Mono,2,147,0,2
2020-09-13,Mono,0,147,0,2
2020-09-14,Mono,0,147,0,2
2020-09-15,Mono,0,147,0,2
2020-09-16,Mono,0,147,0,2
2020-09-17,Mono,0,147,0,2
2020-09-18,Mono,0,147,0,2
2020-09-19,Mono,0,147,0,2
2020-09-20,Mono,0,147,0,2
2020-09-21,Mono,0,147,0,2
2020-09-22,Mono,2,149,0,2
2020-09-23,Mono,0,149,0,2
2020-09-24,Mono,0,149,0,2
2020-09-25,Mono,0,149,0,2
2020-09-26,Mono,-1,148,0,2
2020-09-27,Mono,0,148,0,2
2020-09-28,Mono,0,148,0,2
2020-09-29,Mono,1,149,0,2
2020-09-30,Mono,1,150,0,2
2020-10-01,Mono,0,150,0,2
2020-10-02,Mono,0,150,0,2
2020-10-03,Mono,2,152,0,2
2020-10-04,Mono,0,152,0,2
2020-10-05,Mono,0,152,0,2
2020-10-06,Mono,1,153,0,2
2020-10-07,Mono,0,153,0,2
2020-10-08,Mono,0,153,0,2
2020-10-09,Mono,1,154,0,2
2020-10-10,Mono,0,154,0,2
2020-10-11,Mono,0,154,0,2
2020-10-12,Mono,0,154,0,2
2020-10-13,Mono,1,155,0,2
2020-10-14,Mono,0,155,0,2
2020-10-15,Mono,0,155,0,2
2020-10-16,Mono,0,155,0,2
2020-10-17,Mono,0,155,0,2
2020-10-18,Mono,0,155,0,2
2020-10-19,Mono,1,156,0,2
2020-10-20,Mono,0,156,0,2
2020-10-21,Mono,0,156,0,2
2020-10-22,Mono,0,156,0,2
2020-10-23,Mono,3,159,0,2
2020-10-24,Mono,8,167,0,2
2020-10-25,Mono,0,167,0,2
2020-10-26,Mono,0,167,0,2
2020-10-27,Mono,2,169,0,2
2020-10-28,Mono,7,176,0,2
2020-10-29,Mono,0,176,0,2
2020-10-30,Mono,17,193,0,2
2020-10-31,Mono,1,194,0,2
2020-11-01,Mono,17,211,0,2
2020-11-02,Mono,0,211,0,2
2020-11-03,Mono,-1,210,0,2
2020-11-04,Mono,27,237,0,2
2020-11-05,Mono,70,307,0,2
2020-11-06,Mono,1,308,0,2
2020-11-07,Mono,43,351,0,2
2020-11-08,Mono,1,352,0,2
2020-11-09,Mono,0,352,0,2
2020-11-10,Mono,91,443,0,2
2020-11-11,Mono,0,443,0,2
2020-11-12,Mono,-1,442,0,2
2020-11-13,Mono,6,448,0,2
2020-11-14,Mono,5,453,0,2
2020-11-15,Mono,0,453,0,2
2020-11-16,Mono,0,453,0,2
2020-11-17,Mono,6,459,0,2
2020-11-18,Mono,9,468,0,2
2020-11-19,Mono,0,468,0,2
2020-11-20,Mono,1,469,1,3
2020-11-21,Mono,0,469,0,3
2020-11-22,Mono,12,481,0,3
2020-11-23,Mono,-1,480,0,3
2020-11-24,Mono,3,483,0,3
2020-11-25,Mono,4,487,0,3
2020-11-26,Mono,-2,485,0,3
2020-11-27,Mono,13,498,0,3
2020-11-28,Mono,7,505,0,3
2020-11-29,Mono,10,515,0,3
2020-11-30,Mono,4,519,0,3
2020-12-01,Mono,1,520,0,3
2020-12-02,Mono,0,520,0,3
2020-12-03,Mono,7,527,0,3
2020-12-04,Mono,22,549,0,3
2020-12-05,Mono,5,554,0,3
2020-12-06,Mono,32,586,0,3
2020-12-07,Mono,4,590,0,3
2020-12-08,Mono,7,597,0,3
2020-12-09,Mono,4,601,0,3
2020-12-10,Mono,0,601,0,3
2020-12-11,Mono,30,631,0,3
2020-12-12,Mono,9,640,0,3
2020-12-13,Mono,35,675,0,3
2020-12-14,Mono,10,685,0,3
2020-12-15,Mono,17,702,0,3
2020-12-16,Mono,0,702,0,3
2020-12-17,Mono,16,718,0,3
2020-12-18,Mono,13,731,0,3
2020-12-19,Mono,35,766,0,3
2020-12-20,Mono,8,774,0,3
2020-12-21,Mono,7,781,0,3
2020-12-22,Mono,5,786,1,4
2020-03-18,Calaveras,2,2,0,0
2020-03-19,Calaveras,0,2,0,0
2020-03-20,Calaveras,0,2,0,0
2020-03-21,Calaveras,0,2,0,0
2020-03-22,Calaveras,0,2,0,0
2020-03-23,Calaveras,0,2,0,0
2020-03-24,Calaveras,0,2,0,0
2020-03-25,Calaveras,0,2,0,0
2020-03-26,Calaveras,0,2,0,0
2020-03-27,Calaveras,0,2,0,0
2020-03-28,Calaveras,0,2,0,0
2020-03-29,Calaveras,0,2,0,0
2020-03-30,Calaveras,1,3,0,0
2020-03-31,Calaveras,0,3,0,0
2020-04-01,Calaveras,0,3,0,0
2020-04-02,Calaveras,0,3,0,0
2020-04-03,Calaveras,0,3,0,0
2020-04-04,Calaveras,0,3,0,0
2020-04-05,Calaveras,0,3,0,0
2020-04-06,Calaveras,1,4,0,0
2020-04-07,Calaveras,1,5,0,0
2020-04-08,Calaveras,0,5,0,0
2020-04-09,Calaveras,0,5,0,0
2020-04-10,Calaveras,0,5,0,0
2020-04-11,Calaveras,0,5,0,0
2020-04-12,Calaveras,0,5,0,0
2020-04-13,Calaveras,0,5,0,0
2020-04-14,Calaveras,0,5,0,0
2020-04-15,Calaveras,4,9,0,0
2020-04-16,Calaveras,1,10,0,0
2020-04-17,Calaveras,1,11,0,0
2020-04-18,Calaveras,1,12,0,0
2020-04-19,Calaveras,0,12,0,0
2020-04-20,Calaveras,0,12,0,0
2020-04-21,Calaveras,0,12,0,0
2020-04-22,Calaveras,0,12,0,0
2020-04-23,Calaveras,0,12,0,0
2020-04-24,Calaveras,0,12,0,0
2020-04-25,Calaveras,0,12,0,0
2020-04-26,Calaveras,1,13,0,0
2020-04-27,Calaveras,0,13,0,0
2020-04-28,Calaveras,0,13,0,0
2020-04-29,Calaveras,0,13,0,0
2020-04-30,Calaveras,0,13,0,0
2020-05-01,Calaveras,0,13,0,0
2020-05-02,Calaveras,0,13,0,0
2020-05-03,Calaveras,0,13,0,0
2020-05-04,Calaveras,0,13,0,0
2020-05-05,Calaveras,0,13,0,0
2020-05-06,Calaveras,0,13,0,0
2020-05-07,Calaveras,0,13,0,0
2020-05-08,Calaveras,0,13,0,0
2020-05-09,Calaveras,0,13,0,0
2020-05-10,Calaveras,0,13,0,0
2020-05-11,Calaveras,0,13,0,0
2020-05-12,Calaveras,0,13,0,0
2020-05-13,Calaveras,0,13,0,0
2020-05-14,Calaveras,0,13,0,0
2020-05-15,Calaveras,0,13,0,0
2020-05-16,Calaveras,0,13,0,0
2020-05-17,Calaveras,0,13,0,0
2020-05-18,Calaveras,0,13,0,0
2020-05-19,Calaveras,0,13,0,0
2020-05-20,Calaveras,0,13,0,0
2020-05-21,Calaveras,0,13,0,0
2020-05-22,Calaveras,0,13,0,0
2020-05-23,Calaveras,0,13,0,0
2020-05-24,Calaveras,0,13,0,0
2020-05-25,Calaveras,0,13,0,0
2020-05-26,Calaveras,0,13,0,0
2020-05-27,Calaveras,2,15,0,0
2020-05-28,Calaveras,0,15,0,0
2020-05-29,Calaveras,0,15,0,0
2020-05-30,Calaveras,0,15,0,0
2020-05-31,Calaveras,0,15,0,0
2020-06-01,Calaveras,0,15,0,0
2020-06-02,Calaveras,0,15,0,0
2020-06-03,Calaveras,0,15,0,0
2020-06-04,Calaveras,0,15,0,0
2020-06-05,Calaveras,1,16,0,0
2020-06-06,Calaveras,0,16,0,0
2020-06-07,Calaveras,0,16,0,0
2020-06-08,Calaveras,0,16,0,0
2020-06-09,Calaveras,0,16,0,0
2020-06-10,Calaveras,0,16,0,0
2020-06-11,Calaveras,0,16,0,0
2020-06-12,Calaveras,2,18,0,0
2020-06-13,Calaveras,0,18,0,0
2020-06-14,Calaveras,0,18,0,0
2020-06-15,Calaveras,0,18,0,0
2020-06-16,Calaveras,1,19,0,0
2020-06-17,Calaveras,1,20,0,0
2020-06-18,Calaveras,0,20,0,0
2020-06-19,Calaveras,0,20,0,0
2020-06-20,Calaveras,0,20,0,0
2020-06-21,Calaveras,0,20,0,0
2020-06-22,Calaveras,0,20,0,0
2020-06-23,Calaveras,6,26,0,0
2020-06-24,Calaveras,0,26,0,0
2020-06-25,Calaveras,0,26,0,0
2020-06-26,Calaveras,4,30,0,0
2020-06-27,Calaveras,0,30,0,0
2020-06-28,Calaveras,1,31,0,0
2020-06-29,Calaveras,1,32,0,0
2020-06-30,Calaveras,3,35,0,0
2020-07-01,Calaveras,2,37,0,0
2020-07-02,Calaveras,5,42,0,0
2020-07-03,Calaveras,2,44,0,0
2020-07-04,Calaveras,1,45,0,0
2020-07-05,Calaveras,0,45,0,0
2020-07-06,Calaveras,0,45,0,0
2020-07-07,Calaveras,13,58,0,0
2020-07-08,Calaveras,0,58,0,0
2020-07-09,Calaveras,1,59,0,0
2020-07-10,Calaveras,2,61,0,0
2020-07-11,Calaveras,1,62,0,0
2020-07-12,Calaveras,0,62,0,0
2020-07-13,Calaveras,1,63,0,0
2020-07-14,Calaveras,11,74,0,0
2020-07-15,Calaveras,1,75,0,0
2020-07-16,Calaveras,7,82,0,0
2020-07-17,Calaveras,4,86,0,0
2020-07-18,Calaveras,3,89,0,0
2020-07-19,Calaveras,0,89,0,0
2020-07-20,Calaveras,1,90,0,0
2020-07-21,Calaveras,6,96,1,1
2020-07-22,Calaveras,2,98,0,1
2020-07-23,Calaveras,4,102,0,1
2020-07-24,Calaveras,0,102,0,1
2020-07-25,Calaveras,1,103,0,1
2020-07-26,Calaveras,0,103,0,1
2020-07-27,Calaveras,0,103,0,1
2020-07-28,Calaveras,2,105,0,1
2020-07-29,Calaveras,2,107,0,1
2020-07-30,Calaveras,4,111,0,1
2020-07-31,Calaveras,1,112,0,1
2020-08-01,Calaveras,4,116,0,1
2020-08-02,Calaveras,0,116,0,1
2020-08-03,Calaveras,1,117,0,1
2020-08-04,Calaveras,-1,116,0,1
2020-08-05,Calaveras,0,116,0,1
2020-08-06,Calaveras,1,117,0,1
2020-08-07,Calaveras,2,119,0,1
2020-08-08,Calaveras,3,122,0,1
2020-08-09,Calaveras,0,122,0,1
2020-08-10,Calaveras,-1,121,0,1
2020-08-11,Calaveras,40,161,0,1
2020-08-12,Calaveras,-4,157,0,1
2020-08-13,Calaveras,5,162,0,1
2020-08-14,Calaveras,3,165,0,1
2020-08-15,Calaveras,2,167,0,1
2020-08-16,Calaveras,0,167,0,1
2020-08-17,Calaveras,0,167,0,1
2020-08-18,Calaveras,7,174,0,1
2020-08-19,Calaveras,3,177,0,1
2020-08-20,Calaveras,2,179,0,1
2020-08-21,Calaveras,3,182,1,2
2020-08-22,Calaveras,5,187,0,2
2020-08-23,Calaveras,0,187,0,2
2020-08-24,Calaveras,0,187,0,2
2020-08-25,Calaveras,9,196,0,2
2020-08-26,Calaveras,5,201,0,2
2020-08-27,Calaveras,3,204,0,2
2020-08-28,Calaveras,3,207,0,2
2020-08-29,Calaveras,4,211,0,2
2020-08-30,Calaveras,0,211,0,2
2020-08-31,Calaveras,1,212,0,2
2020-09-01,Calaveras,16,228,0,2
2020-09-02,Calaveras,7,235,0,2
2020-09-03,Calaveras,3,238,0,2
2020-09-04,Calaveras,-1,237,0,2
2020-09-05,Calaveras,0,237,0,2
2020-09-06,Calaveras,-2,235,0,2
2020-09-07,Calaveras,-1,234,0,2
2020-09-08,Calaveras,-1,233,0,2
2020-09-09,Calaveras,9,242,0,2
2020-09-10,Calaveras,2,244,0,2
2020-09-11,Calaveras,-2,242,8,10
2020-09-12,Calaveras,4,246,0,10
2020-09-13,Calaveras,0,246,0,10
2020-09-14,Calaveras,-2,244,0,10
2020-09-15,Calaveras,4,248,3,13
2020-09-16,Calaveras,6,254,0,13
2020-09-17,Calaveras,0,254,0,13
2020-09-18,Calaveras,1,255,1,14
2020-09-19,Calaveras,1,256,0,14
2020-09-20,Calaveras,0,256,0,14
2020-09-21,Calaveras,0,256,0,14
2020-09-22,Calaveras,2,258,0,14
2020-09-23,Calaveras,0,258,0,14
2020-09-24,Calaveras,0,258,0,14
2020-09-25,Calaveras,-1,257,0,14
2020-09-26,Calaveras,0,257,0,14
2020-09-27,Calaveras,0,257,0,14
2020-09-28,Calaveras,0,257,0,14
2020-09-29,Calaveras,4,261,0,14
2020-09-30,Calaveras,-3,258,0,14
2020-10-01,Calaveras,-1,257,0,14
2020-10-02,Calaveras,2,259,0,14
2020-10-03,Calaveras,0,259,0,14
2020-10-04,Calaveras,0,259,0,14
2020-10-05,Calaveras,0,259,0,14
2020-10-06,Calaveras,2,261,0,14
2020-10-07,Calaveras,1,262,0,14
2020-10-08,Calaveras,0,262,0,14
2020-10-09,Calaveras,0,262,2,16
2020-10-10,Calaveras,0,262,0,16
2020-10-11,Calaveras,0,262,0,16
2020-10-12,Calaveras,0,262,0,16
2020-10-13,Calaveras,0,262,0,16
2020-10-14,Calaveras,4,266,0,16
2020-10-15,Calaveras,1,267,0,16
2020-10-16,Calaveras,0,267,1,17
2020-10-17,Calaveras,0,267,0,17
2020-10-18,Calaveras,0,267,0,17
2020-10-19,Calaveras,1,268,0,17
2020-10-20,Calaveras,5,273,0,17
2020-10-21,Calaveras,-1,272,0,17
2020-10-22,Calaveras,1,273,0,17
2020-10-23,Calaveras,0,273,1,18
2020-10-24,Calaveras,1,274,0,18
2020-10-25,Calaveras,0,274,0,18
2020-10-26,Calaveras,0,274,0,18
2020-10-27,Calaveras,3,277,0,18
2020-10-28,Calaveras,1,278,3,21
2020-10-29,Calaveras,0,278,0,21
2020-10-30,Calaveras,1,279,0,21
2020-10-31,Calaveras,1,280,0,21
2020-11-01,Calaveras,2,282,0,21
2020-11-02,Calaveras,0,282,0,21
2020-11-03,Calaveras,5,287,0,21
2020-11-04,Calaveras,3,290,0,21
2020-11-05,Calaveras,43,333,0,21
2020-11-06,Calaveras,26,359,0,21
2020-11-07,Calaveras,1,360,0,21
2020-11-08,Calaveras,0,360,0,21
2020-11-09,Calaveras,0,360,0,21
2020-11-10,Calaveras,7,367,0,21
2020-11-11,Calaveras,6,373,0,21
2020-11-12,Calaveras,0,373,0,21
2020-11-13,Calaveras,5,378,0,21
2020-11-14,Calaveras,8,386,0,21
2020-11-15,Calaveras,0,386,0,21
2020-11-16,Calaveras,16,402,0,21
2020-11-17,Calaveras,3,405,0,21
2020-11-18,Calaveras,4,409,0,21
2020-11-19,Calaveras,8,417,0,21
2020-11-20,Calaveras,7,424,0,21
2020-11-21,Calaveras,10,434,0,21
2020-11-22,Calaveras,0,434,0,21
2020-11-23,Calaveras,0,434,0,21
2020-11-24,Calaveras,32,466,0,21
2020-11-25,Calaveras,9,475,1,22
2020-11-26,Calaveras,3,478,0,22
2020-11-27,Calaveras,0,478,0,22
2020-11-28,Calaveras,0,478,0,22
2020-11-29,Calaveras,0,478,0,22
2020-11-30,Calaveras,0,478,0,22
2020-12-01,Calaveras,66,544,0,22
2020-12-02,Calaveras,9,553,0,22
2020-12-03,Calaveras,19,572,0,22
2020-12-04,Calaveras,13,585,0,22
2020-12-05,Calaveras,21,606,0,22
2020-12-06,Calaveras,0,606,0,22
2020-12-07,Calaveras,0,606,0,22
2020-12-08,Calaveras,51,657,0,22
2020-12-09,Calaveras,13,670,0,22
2020-12-10,Calaveras,14,684,0,22
2020-12-11,Calaveras,13,697,0,22
2020-12-12,Calaveras,11,708,0,22
2020-12-13,Calaveras,2,710,0,22
2020-12-14,Calaveras,8,718,0,22
2020-12-15,Calaveras,81,799,0,22
2020-12-16,Calaveras,22,821,0,22
2020-12-17,Calaveras,27,848,0,22
2020-12-18,Calaveras,22,870,0,22
2020-12-19,Calaveras,30,900,0,22
2020-12-20,Calaveras,26,926,0,22
2020-12-21,Calaveras,37,963,0,22
2020-12-22,Calaveras,25,988,0,22
2020-03-30,Alpine,1,1,0,0
2020-03-31,Alpine,0,1,0,0
2020-04-01,Alpine,0,1,0,0
2020-04-02,Alpine,0,1,0,0
2020-04-03,Alpine,0,1,0,0
2020-04-04,Alpine,0,1,0,0
2020-04-05,Alpine,0,1,0,0
2020-04-06,Alpine,0,1,0,0
2020-04-07,Alpine,0,1,0,0
2020-04-08,Alpine,0,1,0,0
2020-04-09,Alpine,0,1,0,0
2020-04-10,Alpine,0,1,0,0
2020-04-11,Alpine,0,1,0,0
2020-04-12,Alpine,0,1,0,0
2020-04-13,Alpine,0,1,0,0
2020-04-14,Alpine,0,1,0,0
2020-04-15,Alpine,0,1,0,0
2020-04-16,Alpine,0,1,0,0
2020-04-17,Alpine,0,1,0,0
2020-04-18,Alpine,0,1,0,0
2020-04-19,Alpine,0,1,0,0
2020-04-20,Alpine,0,1,0,0
2020-04-21,Alpine,0,1,0,0
2020-04-22,Alpine,0,1,0,0
2020-04-23,Alpine,0,1,0,0
2020-04-24,Alpine,0,1,0,0
2020-04-25,Alpine,0,1,0,0
2020-04-26,Alpine,0,1,0,0
2020-04-27,Alpine,0,1,0,0
2020-04-28,Alpine,0,1,0,0
2020-04-29,Alpine,0,1,0,0
2020-04-30,Alpine,0,1,0,0
2020-05-01,Alpine,0,1,0,0
2020-05-02,Alpine,0,1,0,0
2020-05-03,Alpine,0,1,0,0
2020-05-04,Alpine,0,1,0,0
2020-05-05,Alpine,0,1,0,0
2020-05-06,Alpine,0,1,0,0
2020-05-07,Alpine,0,1,0,0
2020-05-08,Alpine,0,1,0,0
2020-05-09,Alpine,0,1,0,0
2020-05-10,Alpine,0,1,0,0
2020-05-11,Alpine,0,1,0,0
2020-05-12,Alpine,0,1,0,0
2020-05-13,Alpine,0,1,0,0
2020-05-14,Alpine,0,1,0,0
2020-05-15,Alpine,0,1,0,0
2020-05-16,Alpine,0,1,0,0
2020-05-17,Alpine,0,1,0,0
2020-05-18,Alpine,0,1,0,0
2020-05-19,Alpine,0,1,0,0
2020-05-20,Alpine,0,1,0,0
2020-05-21,Alpine,0,1,0,0
2020-05-22,Alpine,0,1,0,0
2020-05-23,Alpine,0,1,0,0
2020-05-24,Alpine,0,1,0,0
2020-05-25,Alpine,0,1,0,0
2020-05-26,Alpine,0,1,0,0
2020-05-27,Alpine,0,1,0,0
2020-05-28,Alpine,0,1,0,0
2020-05-29,Alpine,0,1,0,0
2020-05-30,Alpine,0,1,0,0
2020-05-31,Alpine,0,1,0,0
2020-06-01,Alpine,0,1,0,0
2020-06-02,Alpine,0,1,0,0
2020-06-03,Alpine,0,1,0,0
2020-06-04,Alpine,0,1,0,0
2020-06-05,Alpine,0,1,0,0
2020-06-06,Alpine,0,1,0,0
2020-06-07,Alpine,0,1,0,0
2020-06-08,Alpine,0,1,0,0
2020-06-09,Alpine,0,1,0,0
2020-06-10,Alpine,0,1,0,0
2020-06-11,Alpine,0,1,0,0
2020-06-12,Alpine,0,1,0,0
2020-06-13,Alpine,0,1,0,0
2020-06-14,Alpine,0,1,0,0
2020-06-15,Alpine,0,1,0,0
2020-06-16,Alpine,0,1,0,0
2020-06-17,Alpine,0,1,0,0
2020-06-18,Alpine,0,1,0,0
2020-06-19,Alpine,0,1,0,0
2020-06-20,Alpine,0,1,0,0
2020-06-21,Alpine,0,1,0,0
2020-06-22,Alpine,0,1,0,0
2020-06-23,Alpine,0,1,0,0
2020-06-24,Alpine,0,1,0,0
2020-06-25,Alpine,0,1,0,0
2020-06-26,Alpine,0,1,0,0
2020-06-27,Alpine,0,1,0,0
2020-06-28,Alpine,0,1,0,0
2020-06-29,Alpine,0,1,0,0
2020-06-30,Alpine,0,1,0,0
2020-07-01,Alpine,0,1,0,0
2020-07-02,Alpine,0,1,0,0
2020-07-03,Alpine,0,1,0,0
2020-07-04,Alpine,0,1,0,0
2020-07-05,Alpine,0,1,0,0
2020-07-06,Alpine,0,1,0,0
2020-07-07,Alpine,0,1,0,0
2020-07-08,Alpine,0,1,0,0
2020-07-09,Alpine,0,1,0,0
2020-07-10,Alpine,0,1,0,0
2020-07-11,Alpine,0,1,0,0
2020-07-12,Alpine,0,1,0,0
2020-07-13,Alpine,0,1,0,0
2020-07-14,Alpine,0,1,0,0
2020-07-15,Alpine,0,1,0,0
2020-07-16,Alpine,0,1,0,0
2020-07-17,Alpine,0,1,0,0
2020-07-18,Alpine,1,2,0,0
2020-07-19,Alpine,0,2,0,0
2020-07-20,Alpine,0,2,0,0
2020-07-21,Alpine,0,2,0,0
2020-07-22,Alpine,0,2,0,0
2020-07-23,Alpine,0,2,0,0
2020-07-24,Alpine,0,2,0,0
2020-07-25,Alpine,0,2,0,0
2020-07-26,Alpine,0,2,0,0
2020-07-27,Alpine,0,2,0,0
2020-07-28,Alpine,0,2,0,0
2020-07-29,Alpine,0,2,0,0
2020-07-30,Alpine,0,2,0,0
2020-07-31,Alpine,0,2,0,0
2020-08-01,Alpine,0,2,0,0
2020-08-02,Alpine,0,2,0,0
2020-08-03,Alpine,0,2,0,0
2020-08-04,Alpine,0,2,0,0
2020-08-05,Alpine,0,2,0,0
2020-08-06,Alpine,0,2,0,0
2020-08-07,Alpine,0,2,0,0
2020-08-08,Alpine,0,2,0,0
2020-08-09,Alpine,0,2,0,0
2020-08-10,Alpine,0,2,0,0
2020-08-11,Alpine,0,2,0,0
2020-08-12,Alpine,0,2,0,0
2020-08-13,Alpine,0,2,0,0
2020-08-14,Alpine,0,2,0,0
2020-08-15,Alpine,0,2,0,0
2020-08-16,Alpine,0,2,0,0
2020-08-17,Alpine,0,2,0,0
2020-08-18,Alpine,0,2,0,0
2020-08-19,Alpine,0,2,0,0
2020-08-20,Alpine,0,2,0,0
2020-08-21,Alpine,0,2,0,0
2020-08-22,Alpine,0,2,0,0
2020-08-23,Alpine,0,2,0,0
2020-08-24,Alpine,0,2,0,0
2020-08-25,Alpine,0,2,0,0
2020-08-26,Alpine,0,2,0,0
2020-08-27,Alpine,0,2,0,0
2020-08-28,Alpine,0,2,0,0
2020-08-29,Alpine,0,2,0,0
2020-08-30,Alpine,0,2,0,0
2020-08-31,Alpine,0,2,0,0
2020-09-01,Alpine,0,2,0,0
2020-09-02,Alpine,0,2,0,0
2020-09-03,Alpine,0,2,0,0
2020-09-04,Alpine,0,2,0,0
2020-09-05,Alpine,0,2,0,0
2020-09-06,Alpine,0,2,0,0
2020-09-07,Alpine,0,2,0,0
2020-09-08,Alpine,0,2,0,0
2020-09-09,Alpine,0,2,0,0
2020-09-10,Alpine,0,2,0,0
2020-09-11,Alpine,0,2,0,0
2020-09-12,Alpine,0,2,0,0
2020-09-13,Alpine,0,2,0,0
2020-09-14,Alpine,0,2,0,0
2020-09-15,Alpine,0,2,0,0
2020-09-16,Alpine,0,2,0,0
2020-09-17,Alpine,0,2,0,0
2020-09-18,Alpine,0,2,0,0
2020-09-19,Alpine,0,2,0,0
2020-09-20,Alpine,0,2,0,0
2020-09-21,Alpine,0,2,0,0
2020-09-22,Alpine,0,2,0,0
2020-09-23,Alpine,0,2,0,0
2020-09-24,Alpine,0,2,0,0
2020-09-25,Alpine,0,2,0,0
2020-09-26,Alpine,0,2,0,0
2020-09-27,Alpine,0,2,0,0
2020-09-28,Alpine,0,2,0,0
2020-09-29,Alpine,0,2,0,0
2020-09-30,Alpine,0,2,0,0
2020-10-01,Alpine,0,2,0,0
2020-10-02,Alpine,0,2,0,0
2020-10-03,Alpine,0,2,0,0
2020-10-04,Alpine,0,2,0,0
2020-10-05,Alpine,0,2,0,0
2020-10-06,Alpine,1,3,0,0
2020-10-07,Alpine,0,3,0,0
2020-10-08,Alpine,0,3,0,0
2020-10-09,Alpine,0,3,0,0
2020-10-10,Alpine,0,3,0,0
2020-10-11,Alpine,0,3,0,0
2020-10-12,Alpine,0,3,0,0
2020-10-13,Alpine,0,3,0,0
2020-10-14,Alpine,0,3,0,0
2020-10-15,Alpine,0,3,0,0
2020-10-16,Alpine,0,3,0,0
2020-10-17,Alpine,0,3,0,0
2020-10-18,Alpine,0,3,0,0
2020-10-19,Alpine,0,3,0,0
2020-10-20,Alpine,0,3,0,0
2020-10-21,Alpine,0,3,0,0
2020-10-22,Alpine,0,3,0,0
2020-10-23,Alpine,0,3,0,0
2020-10-24,Alpine,0,3,0,0
2020-10-25,Alpine,0,3,0,0
2020-10-26,Alpine,0,3,0,0
2020-10-27,Alpine,0,3,0,0
2020-10-28,Alpine,1,4,0,0
2020-10-29,Alpine,0,4,0,0
2020-10-30,Alpine,0,4,0,0
2020-10-31,Alpine,0,4,0,0
2020-11-01,Alpine,0,4,0,0
2020-11-02,Alpine,0,4,0,0
2020-11-03,Alpine,0,4,0,0
2020-11-04,Alpine,1,5,0,0
2020-11-05,Alpine,1,6,0,0
2020-11-06,Alpine,0,6,0,0
2020-11-07,Alpine,0,6,0,0
2020-11-08,Alpine,0,6,0,0
2020-11-09,Alpine,0,6,0,0
2020-11-10,Alpine,3,9,0,0
2020-11-11,Alpine,3,12,0,0
2020-11-12,Alpine,0,12,0,0
2020-11-13,Alpine,0,12,0,0
2020-11-14,Alpine,0,12,0,0
2020-11-15,Alpine,0,12,0,0
2020-11-16,Alpine,0,12,0,0
2020-11-17,Alpine,0,12,0,0
2020-11-18,Alpine,4,16,0,0
2020-11-19,Alpine,4,20,0,0
2020-11-20,Alpine,0,20,0,0
2020-11-21,Alpine,21,41,0,0
2020-11-22,Alpine,0,41,0,0
2020-11-23,Alpine,0,41,0,0
2020-11-24,Alpine,0,41,0,0
2020-11-25,Alpine,0,41,0,0
2020-11-26,Alpine,0,41,0,0
2020-11-27,Alpine,0,41,0,0
2020-11-28,Alpine,0,41,0,0
2020-11-29,Alpine,0,41,0,0
2020-11-30,Alpine,0,41,0,0
2020-12-01,Alpine,0,41,0,0
2020-12-02,Alpine,11,52,0,0
2020-12-03,Alpine,1,53,0,0
2020-12-04,Alpine,0,53,0,0
2020-12-05,Alpine,0,53,0,0
2020-12-06,Alpine,0,53,0,0
2020-12-07,Alpine,0,53,0,0
2020-12-08,Alpine,0,53,0,0
2020-12-09,Alpine,5,58,0,0
2020-12-10,Alpine,5,63,0,0
2020-12-11,Alpine,0,63,0,0
2020-12-12,Alpine,0,63,0,0
2020-12-13,Alpine,0,63,0,0
2020-12-14,Alpine,0,63,0,0
2020-12-15,Alpine,1,64,0,0
2020-12-16,Alpine,0,64,0,0
2020-12-17,Alpine,0,64,0,0
2020-12-18,Alpine,0,64,0,0
2020-12-19,Alpine,0,64,0,0
2020-12-20,Alpine,0,64,0,0
2020-12-21,Alpine,0,64,0,0
2020-12-22,Alpine,0,64,0,0
2020-03-18,Nevada,2,2,0,0
2020-03-19,Nevada,0,2,0,0
2020-03-20,Nevada,0,2,0,0
2020-03-21,Nevada,0,2,0,0
2020-03-22,Nevada,0,2,0,0
2020-03-23,Nevada,0,2,0,0
2020-03-24,Nevada,2,4,0,0
2020-03-25,Nevada,1,5,0,0
2020-03-26,Nevada,2,7,0,0
2020-03-27,Nevada,-1,6,0,0
2020-03-28,Nevada,5,11,0,0
2020-03-29,Nevada,2,13,0,0
2020-03-30,Nevada,1,14,0,0
2020-03-31,Nevada,1,15,0,0
2020-04-01,Nevada,0,15,0,0
2020-04-02,Nevada,2,17,0,0
2020-04-03,Nevada,2,19,1,1
2020-04-04,Nevada,0,19,0,1
2020-04-05,Nevada,0,19,0,1
2020-04-06,Nevada,0,19,0,1
2020-04-07,Nevada,1,20,0,1
2020-04-08,Nevada,1,21,0,1
2020-04-09,Nevada,2,23,0,1
2020-04-10,Nevada,0,23,0,1
2020-04-11,Nevada,1,24,0,1
2020-04-12,Nevada,0,24,0,1
2020-04-13,Nevada,0,24,0,1
2020-04-14,Nevada,10,34,0,1
2020-04-15,Nevada,0,34,0,1
2020-04-16,Nevada,0,34,0,1
2020-04-17,Nevada,0,34,0,1
2020-04-18,Nevada,0,34,0,1
2020-04-19,Nevada,0,34,0,1
2020-04-20,Nevada,0,34,0,1
2020-04-21,Nevada,2,36,0,1
2020-04-22,Nevada,0,36,0,1
2020-04-23,Nevada,0,36,0,1
2020-04-24,Nevada,0,36,0,1
2020-04-25,Nevada,1,37,0,1
2020-04-26,Nevada,0,37,0,1
2020-04-27,Nevada,2,39,0,1
2020-04-28,Nevada,2,41,0,1
2020-04-29,Nevada,0,41,0,1
2020-04-30,Nevada,0,41,0,1
2020-05-01,Nevada,0,41,0,1
2020-05-02,Nevada,0,41,0,1
2020-05-03,Nevada,0,41,0,1
2020-05-04,Nevada,0,41,0,1
2020-05-05,Nevada,0,41,0,1
2020-05-06,Nevada,0,41,0,1
2020-05-07,Nevada,0,41,0,1
2020-05-08,Nevada,0,41,0,1
2020-05-09,Nevada,0,41,0,1
2020-05-10,Nevada,0,41,0,1
2020-05-11,Nevada,0,41,0,1
2020-05-12,Nevada,0,41,0,1
2020-05-13,Nevada,0,41,0,1
2020-05-14,Nevada,0,41,0,1
2020-05-15,Nevada,0,41,0,1
2020-05-16,Nevada,0,41,0,1
2020-05-17,Nevada,0,41,0,1
2020-05-18,Nevada,0,41,0,1
2020-05-19,Nevada,0,41,0,1
2020-05-20,Nevada,0,41,0,1
2020-05-21,Nevada,0,41,0,1
2020-05-22,Nevada,0,41,0,1
2020-05-23,Nevada,0,41,0,1
2020-05-24,Nevada,0,41,0,1
2020-05-25,Nevada,0,41,0,1
2020-05-26,Nevada,0,41,0,1
2020-05-27,Nevada,0,41,0,1
2020-05-28,Nevada,0,41,0,1
2020-05-29,Nevada,0,41,0,1
2020-05-30,Nevada,0,41,0,1
2020-05-31,Nevada,0,41,0,1
2020-06-01,Nevada,0,41,0,1
2020-06-02,Nevada,0,41,0,1
2020-06-03,Nevada,2,43,0,1
2020-06-04,Nevada,6,49,0,1
2020-06-05,Nevada,1,50,0,1
2020-06-06,Nevada,0,50,0,1
2020-06-07,Nevada,0,50,0,1
2020-06-08,Nevada,0,50,0,1
2020-06-09,Nevada,0,50,0,1
2020-06-10,Nevada,0,50,0,1
2020-06-11,Nevada,0,50,0,1
2020-06-12,Nevada,2,52,0,1
2020-06-13,Nevada,0,52,0,1
2020-06-14,Nevada,0,52,0,1
2020-06-15,Nevada,0,52,0,1
2020-06-16,Nevada,1,53,0,1
2020-06-17,Nevada,4,57,0,1
2020-06-18,Nevada,11,68,0,1
2020-06-19,Nevada,3,71,0,1
2020-06-20,Nevada,2,73,0,1
2020-06-21,Nevada,6,79,0,1
2020-06-22,Nevada,0,79,0,1
2020-06-23,Nevada,2,81,0,1
2020-06-24,Nevada,11,92,0,1
2020-06-25,Nevada,0,92,0,1
2020-06-26,Nevada,9,101,0,1
2020-06-27,Nevada,1,102,0,1
2020-06-28,Nevada,1,103,0,1
2020-06-29,Nevada,7,110,0,1
2020-06-30,Nevada,4,114,0,1
2020-07-01,Nevada,1,115,0,1
2020-07-02,Nevada,3,118,0,1
2020-07-03,Nevada,7,125,0,1
2020-07-04,Nevada,0,125,0,1
2020-07-05,Nevada,16,141,0,1
2020-07-06,Nevada,5,146,0,1
2020-07-07,Nevada,4,150,0,1
2020-07-08,Nevada,6,156,0,1
2020-07-09,Nevada,0,156,0,1
2020-07-10,Nevada,5,161,0,1
2020-07-11,Nevada,2,163,0,1
2020-07-12,Nevada,3,166,0,1
2020-07-13,Nevada,6,172,0,1
2020-07-14,Nevada,8,180,0,1
2020-07-15,Nevada,5,185,0,1
2020-07-16,Nevada,6,191,0,1
2020-07-17,Nevada,9,200,0,1
2020-07-18,Nevada,4,204,0,1
2020-07-19,Nevada,6,210,0,1
2020-07-20,Nevada,8,218,0,1
2020-07-21,Nevada,10,228,0,1
2020-07-22,Nevada,11,239,0,1
2020-07-23,Nevada,8,247,0,1
2020-07-24,Nevada,8,255,0,1
2020-07-25,Nevada,2,257,0,1
2020-07-26,Nevada,4,261,0,1
2020-07-27,Nevada,7,268,0,1
2020-07-28,Nevada,10,278,0,1
2020-07-29,Nevada,10,288,0,1
2020-07-30,Nevada,4,292,0,1
2020-07-31,Nevada,10,302,0,1
2020-08-01,Nevada,3,305,0,1
2020-08-02,Nevada,9,314,0,1
2020-08-03,Nevada,1,315,0,1
2020-08-04,Nevada,7,322,0,1
2020-08-05,Nevada,5,327,0,1
2020-08-06,Nevada,-6,321,0,1
2020-08-07,Nevada,3,324,0,1
2020-08-08,Nevada,1,325,0,1
2020-08-09,Nevada,7,332,0,1
2020-08-10,Nevada,24,356,0,1
2020-08-11,Nevada,2,358,0,1
2020-08-12,Nevada,-1,357,0,1
2020-08-13,Nevada,5,362,0,1
2020-08-14,Nevada,15,377,1,2
2020-08-15,Nevada,-1,376,0,2
2020-08-16,Nevada,3,379,0,2
2020-08-17,Nevada,4,383,0,2
2020-08-18,Nevada,6,389,0,2
2020-08-19,Nevada,9,398,0,2
2020-08-20,Nevada,3,401,1,3
2020-08-21,Nevada,5,406,0,3
2020-08-22,Nevada,5,411,0,3
2020-08-23,Nevada,10,421,0,3
2020-08-24,Nevada,2,423,0,3
2020-08-25,Nevada,7,430,2,5
2020-08-26,Nevada,2,432,0,5
2020-08-27,Nevada,3,435,0,5
2020-08-28,Nevada,3,438,0,5
2020-08-29,Nevada,4,442,0,5
2020-08-30,Nevada,3,445,0,5
2020-08-31,Nevada,2,447,0,5
2020-09-01,Nevada,3,450,0,5
2020-09-02,Nevada,2,452,0,5
2020-09-03,Nevada,1,453,0,5
2020-09-04,Nevada,2,455,0,5
2020-09-05,Nevada,6,461,0,5
2020-09-06,Nevada,6,467,0,5
2020-09-07,Nevada,2,469,0,5
2020-09-08,Nevada,1,470,0,5
2020-09-09,Nevada,6,476,0,5
2020-09-10,Nevada,2,478,0,5
2020-09-11,Nevada,5,483,0,5
2020-09-12,Nevada,-1,482,0,5
2020-09-13,Nevada,4,486,0,5
2020-09-14,Nevada,3,489,0,5
2020-09-15,Nevada,5,494,0,5
2020-09-16,Nevada,1,495,0,5
2020-09-17,Nevada,-1,494,0,5
2020-09-18,Nevada,10,504,1,6
2020-09-19,Nevada,1,505,0,6
2020-09-20,Nevada,6,511,0,6
2020-09-21,Nevada,4,515,0,6
2020-09-22,Nevada,8,523,0,6
2020-09-23,Nevada,0,523,0,6
2020-09-24,Nevada,4,527,1,7
2020-09-25,Nevada,2,529,0,7
2020-09-26,Nevada,5,534,0,7
2020-09-27,Nevada,3,537,0,7
2020-09-28,Nevada,1,538,0,7
2020-09-29,Nevada,1,539,0,7
2020-09-30,Nevada,1,540,0,7
2020-10-01,Nevada,3,543,0,7
2020-10-02,Nevada,0,543,0,7
2020-10-03,Nevada,1,544,0,7
2020-10-04,Nevada,3,547,0,7
2020-10-05,Nevada,3,550,0,7
2020-10-06,Nevada,1,551,0,7
2020-10-07,Nevada,1,552,0,7
2020-10-08,Nevada,4,556,1,8
2020-10-09,Nevada,5,561,0,8
2020-10-10,Nevada,3,564,0,8
2020-10-11,Nevada,5,569,0,8
2020-10-12,Nevada,1,570,0,8
2020-10-13,Nevada,2,572,0,8
2020-10-14,Nevada,1,573,0,8
2020-10-15,Nevada,2,575,0,8
2020-10-16,Nevada,4,579,0,8
2020-10-17,Nevada,1,580,0,8
2020-10-18,Nevada,2,582,0,8
2020-10-19,Nevada,8,590,0,8
2020-10-20,Nevada,6,596,0,8
2020-10-21,Nevada,1,597,0,8
2020-10-22,Nevada,3,600,0,8
2020-10-23,Nevada,4,604,0,8
2020-10-24,Nevada,4,608,0,8
2020-10-25,Nevada,8,616,0,8
2020-10-26,Nevada,2,618,0,8
2020-10-27,Nevada,4,622,0,8
2020-10-28,Nevada,7,629,0,8
2020-10-29,Nevada,3,632,0,8
2020-10-30,Nevada,2,634,1,9
2020-10-31,Nevada,10,644,0,9
2020-11-01,Nevada,2,646,0,9
2020-11-02,Nevada,10,656,0,9
2020-11-03,Nevada,14,670,0,9
2020-11-04,Nevada,5,675,0,9
2020-11-05,Nevada,12,687,0,9
2020-11-06,Nevada,5,692,0,9
2020-11-07,Nevada,10,702,0,9
2020-11-08,Nevada,13,715,0,9
2020-11-09,Nevada,14,729,0,9
2020-11-10,Nevada,5,734,0,9
2020-11-11,Nevada,7,741,0,9
2020-11-12,Nevada,39,780,0,9
2020-11-13,Nevada,18,798,0,9
2020-11-14,Nevada,37,835,0,9
2020-11-15,Nevada,24,859,0,9
2020-11-16,Nevada,30,889,0,9
2020-11-17,Nevada,29,918,0,9
2020-11-18,Nevada,15,933,0,9
2020-11-19,Nevada,12,945,0,9
2020-11-20,Nevada,45,990,0,9
2020-11-21,Nevada,28,1018,0,9
2020-11-22,Nevada,34,1052,0,9
2020-11-23,Nevada,35,1087,0,9
2020-11-24,Nevada,69,1156,0,9
2020-11-25,Nevada,14,1170,0,9
2020-11-26,Nevada,14,1184,0,9
2020-11-27,Nevada,0,1184,0,9
2020-11-28,Nevada,88,1272,0,9
2020-11-29,Nevada,39,1311,0,9
2020-11-30,Nevada,36,1347,0,9
2020-12-01,Nevada,64,1411,1,10
2020-12-02,Nevada,19,1430,0,10
2020-12-03,Nevada,42,1472,5,15
2020-12-04,Nevada,88,1560,1,16
2020-12-05,Nevada,82,1642,0,16
2020-12-06,Nevada,68,1710,0,16
2020-12-07,Nevada,67,1777,1,17
2020-12-08,Nevada,32,1809,2,19
2020-12-09,Nevada,55,1864,0,19
2020-12-10,Nevada,55,1919,2,21
2020-12-11,Nevada,40,1959,0,21
2020-12-12,Nevada,22,1981,0,21
2020-12-13,Nevada,49,2030,0,21
2020-12-14,Nevada,40,2070,9,30
2020-12-15,Nevada,47,2117,0,30
2020-12-16,Nevada,32,2149,4,34
2020-12-17,Nevada,24,2173,4,38
2020-12-18,Nevada,47,2220,0,38
2020-12-19,Nevada,40,2260,1,39
2020-12-20,Nevada,29,2289,0,39
2020-12-21,Nevada,48,2337,3,42
2020-12-22,Nevada,30,2367,0,42
2020-03-18,Butte,0,0,0,0
2020-03-19,Butte,0,0,0,0
2020-03-20,Butte,0,0,0,0
2020-03-21,Butte,1,1,0,0
2020-03-22,Butte,0,1,0,0
2020-03-23,Butte,1,2,0,0
2020-03-24,Butte,1,3,0,0
2020-03-25,Butte,1,4,0,0
2020-03-26,Butte,0,4,0,0
2020-03-27,Butte,0,4,0,0
2020-03-28,Butte,0,4,0,0
2020-03-29,Butte,0,4,0,0
2020-03-30,Butte,1,5,0,0
2020-03-31,Butte,1,6,0,0
2020-04-01,Butte,0,6,0,0
2020-04-02,Butte,1,7,0,0
2020-04-03,Butte,1,8,0,0
2020-04-04,Butte,2,10,0,0
2020-04-05,Butte,0,10,0,0
2020-04-06,Butte,1,11,0,0
2020-04-07,Butte,0,11,0,0
2020-04-08,Butte,0,11,0,0
2020-04-09,Butte,1,12,0,0
2020-04-10,Butte,1,13,0,0
2020-04-11,Butte,0,13,0,0
2020-04-12,Butte,0,13,0,0
2020-04-13,Butte,0,13,0,0
2020-04-14,Butte,0,13,0,0
2020-04-15,Butte,1,14,0,0
2020-04-16,Butte,1,15,0,0
2020-04-17,Butte,0,15,0,0
2020-04-18,Butte,0,15,0,0
2020-04-19,Butte,0,15,0,0
2020-04-20,Butte,0,15,0,0
2020-04-21,Butte,0,15,0,0
2020-04-22,Butte,0,15,0,0
2020-04-23,Butte,0,15,0,0
2020-04-24,Butte,0,15,0,0
2020-04-25,Butte,1,16,0,0
2020-04-26,Butte,0,16,0,0
2020-04-27,Butte,0,16,0,0
2020-04-28,Butte,0,16,0,0
2020-04-29,Butte,0,16,0,0
2020-04-30,Butte,0,16,0,0
2020-05-01,Butte,1,17,0,0
2020-05-02,Butte,0,17,0,0
2020-05-03,Butte,0,17,0,0
2020-05-04,Butte,-1,16,0,0
2020-05-05,Butte,3,19,0,0
2020-05-06,Butte,0,19,0,0
2020-05-07,Butte,0,19,0,0
2020-05-08,Butte,-1,18,0,0
2020-05-09,Butte,0,18,0,0
2020-05-10,Butte,0,18,0,0
2020-05-11,Butte,1,19,0,0
2020-05-12,Butte,1,20,0,0
2020-05-13,Butte,1,21,0,0
2020-05-14,Butte,1,22,0,0
2020-05-15,Butte,0,22,0,0
2020-05-16,Butte,0,22,0,0
2020-05-17,Butte,1,23,0,0
2020-05-18,Butte,1,24,0,0
2020-05-19,Butte,1,25,0,0
2020-05-20,Butte,5,30,0,0
2020-05-21,Butte,1,31,0,0
2020-05-22,Butte,3,34,0,0
2020-05-23,Butte,0,34,0,0
2020-05-24,Butte,1,35,0,0
2020-05-25,Butte,2,37,0,0
2020-05-26,Butte,0,37,0,0
2020-05-27,Butte,3,40,0,0
2020-05-28,Butte,0,40,0,0
2020-05-29,Butte,1,41,0,0
2020-05-30,Butte,3,44,0,0
2020-05-31,Butte,7,51,0,0
2020-06-01,Butte,-1,50,0,0
2020-06-02,Butte,1,51,1,1
2020-06-03,Butte,2,53,0,1
2020-06-04,Butte,4,57,0,1
2020-06-05,Butte,4,61,0,1
2020-06-06,Butte,2,63,0,1
2020-06-07,Butte,1,64,0,1
2020-06-08,Butte,4,68,0,1
2020-06-09,Butte,2,70,0,1
2020-06-10,Butte,1,71,0,1
2020-06-11,Butte,1,72,0,1
2020-06-12,Butte,-1,71,0,1
2020-06-13,Butte,1,72,0,1
2020-06-14,Butte,6,78,0,1
2020-06-15,Butte,0,78,0,1
2020-06-16,Butte,1,79,0,1
2020-06-17,Butte,2,81,0,1
2020-06-18,Butte,7,88,0,1
2020-06-19,Butte,3,91,0,1
2020-06-20,Butte,3,94,0,1
2020-06-21,Butte,3,97,0,1
2020-06-22,Butte,7,104,0,1
2020-06-23,Butte,7,111,0,1
2020-06-24,Butte,8,119,0,1
2020-06-25,Butte,9,128,1,2
2020-06-26,Butte,8,136,0,2
2020-06-27,Butte,2,138,0,2
2020-06-28,Butte,16,154,0,2
2020-06-29,Butte,14,168,0,2
2020-06-30,Butte,9,177,0,2
2020-07-01,Butte,9,186,0,2
2020-07-02,Butte,13,199,1,3
2020-07-03,Butte,13,212,0,3
2020-07-04,Butte,12,224,0,3
2020-07-05,Butte,24,248,0,3
2020-07-06,Butte,9,257,0,3
2020-07-07,Butte,12,269,0,3
2020-07-08,Butte,12,281,1,4
2020-07-09,Butte,14,295,0,4
2020-07-10,Butte,23,318,0,4
2020-07-11,Butte,7,325,0,4
2020-07-12,Butte,16,341,0,4
2020-07-13,Butte,13,354,0,4
2020-07-14,Butte,28,382,0,4
2020-07-15,Butte,38,420,0,4
2020-07-16,Butte,45,465,0,4
2020-07-17,Butte,32,497,0,4
2020-07-18,Butte,54,551,0,4
2020-07-19,Butte,4,555,0,4
2020-07-20,Butte,31,586,1,5
2020-07-21,Butte,73,659,0,5
2020-07-22,Butte,35,694,0,5
2020-07-23,Butte,32,726,0,5
2020-07-24,Butte,25,751,0,5
2020-07-25,Butte,59,810,0,5
2020-07-26,Butte,12,822,0,5
2020-07-27,Butte,21,843,2,7
2020-07-28,Butte,14,857,0,7
2020-07-29,Butte,32,889,0,7
2020-07-30,Butte,26,915,0,7
2020-07-31,Butte,10,925,0,7
2020-08-01,Butte,51,976,0,7
2020-08-02,Butte,11,987,0,7
2020-08-03,Butte,2,989,0,7
2020-08-04,Butte,22,1011,1,8
2020-08-05,Butte,27,1038,0,8
2020-08-06,Butte,22,1060,0,8
2020-08-07,Butte,32,1092,0,8
2020-08-08,Butte,48,1140,0,8
2020-08-09,Butte,15,1155,0,8
2020-08-10,Butte,19,1174,0,8
2020-08-11,Butte,122,1296,0,8
2020-08-12,Butte,21,1317,0,8
2020-08-13,Butte,28,1345,4,12
2020-08-14,Butte,39,1384,0,12
2020-08-15,Butte,25,1409,0,12
2020-08-16,Butte,23,1432,0,12
2020-08-17,Butte,31,1463,0,12
2020-08-18,Butte,28,1491,2,14
2020-08-19,Butte,26,1517,0,14
2020-08-20,Butte,32,1549,3,17
2020-08-21,Butte,33,1582,0,17
2020-08-22,Butte,36,1618,0,17
2020-08-23,Butte,19,1637,0,17
2020-08-24,Butte,12,1649,1,18
2020-08-25,Butte,69,1718,0,18
2020-08-26,Butte,47,1765,3,21
2020-08-27,Butte,38,1803,0,21
2020-08-28,Butte,83,1886,2,23
2020-08-29,Butte,62,1948,0,23
2020-08-30,Butte,40,1988,0,23
2020-08-31,Butte,81,2069,0,23
2020-09-01,Butte,77,2146,0,23
2020-09-02,Butte,95,2241,0,23
2020-09-03,Butte,33,2274,0,23
2020-09-04,Butte,51,2325,0,23
2020-09-05,Butte,81,2406,0,23
2020-09-06,Butte,40,2446,0,23
2020-09-07,Butte,4,2450,0,23
2020-09-08,Butte,3,2453,5,28
2020-09-09,Butte,108,2561,0,28
2020-09-10,Butte,29,2590,0,28
2020-09-11,Butte,15,2605,0,28
2020-09-12,Butte,24,2629,0,28
2020-09-13,Butte,11,2640,0,28
2020-09-14,Butte,2,2642,0,28
2020-09-15,Butte,53,2695,3,31
2020-09-16,Butte,9,2704,2,33
2020-09-17,Butte,16,2720,0,33
2020-09-18,Butte,18,2738,2,35
2020-09-19,Butte,10,2748,0,35
2020-09-20,Butte,16,2764,0,35
2020-09-21,Butte,5,2769,5,40
2020-09-22,Butte,7,2776,0,40
2020-09-23,Butte,14,2790,3,43
2020-09-24,Butte,13,2803,0,43
2020-09-25,Butte,16,2819,1,44
2020-09-26,Butte,8,2827,0,44
2020-09-27,Butte,6,2833,0,44
2020-09-28,Butte,4,2837,0,44
2020-09-29,Butte,11,2848,0,44
2020-09-30,Butte,10,2858,1,45
2020-10-01,Butte,7,2865,0,45
2020-10-02,Butte,14,2879,0,45
2020-10-03,Butte,15,2894,0,45
2020-10-04,Butte,9,2903,0,45
2020-10-05,Butte,7,2910,0,45
2020-10-06,Butte,15,2925,0,45
2020-10-07,Butte,2,2927,0,45
2020-10-08,Butte,8,2935,0,45
2020-10-09,Butte,21,2956,0,45
2020-10-10,Butte,6,2962,0,45
2020-10-11,Butte,5,2967,0,45
2020-10-12,Butte,8,2975,3,48
2020-10-13,Butte,17,2992,0,48
2020-10-14,Butte,3,2995,2,50
2020-10-15,Butte,5,3000,0,50
2020-10-16,Butte,4,3004,0,50
2020-10-17,Butte,8,3012,0,50
2020-10-18,Butte,7,3019,0,50
2020-10-19,Butte,7,3026,1,51
2020-10-20,Butte,1,3027,0,51
2020-10-21,Butte,14,3041,0,51
2020-10-22,Butte,5,3046,1,52
2020-10-23,Butte,13,3059,0,52
2020-10-24,Butte,19,3078,0,52
2020-10-25,Butte,9,3087,0,52
2020-10-26,Butte,8,3095,0,52
2020-10-27,Butte,12,3107,0,52
2020-10-28,Butte,27,3134,1,53
2020-10-29,Butte,9,3143,0,53
2020-10-30,Butte,17,3160,0,53
2020-10-31,Butte,12,3172,0,53
2020-11-01,Butte,13,3185,0,53
2020-11-02,Butte,13,3198,1,54
2020-11-03,Butte,13,3211,0,54
2020-11-04,Butte,7,3218,0,54
2020-11-05,Butte,21,3239,0,54
2020-11-06,Butte,15,3254,0,54
2020-11-07,Butte,8,3262,0,54
2020-11-08,Butte,23,3285,0,54
2020-11-09,Butte,16,3301,2,56
2020-11-10,Butte,26,3327,0,56
2020-11-11,Butte,21,3348,0,56
2020-11-12,Butte,-1,3347,0,56
2020-11-13,Butte,55,3402,0,56
2020-11-14,Butte,32,3434,0,56
2020-11-15,Butte,18,3452,0,56
2020-11-16,Butte,38,3490,1,57
2020-11-17,Butte,10,3500,0,57
2020-11-18,Butte,37,3537,1,58
2020-11-19,Butte,39,3576,0,58
2020-11-20,Butte,42,3618,1,59
2020-11-21,Butte,46,3664,0,59
2020-11-22,Butte,48,3712,0,59
2020-11-23,Butte,53,3765,0,59
2020-11-24,Butte,33,3798,0,59
2020-11-25,Butte,50,3848,0,59
2020-11-26,Butte,46,3894,0,59
2020-11-27,Butte,0,3894,0,59
2020-11-28,Butte,0,3894,0,59
2020-11-29,Butte,114,4008,0,59
2020-11-30,Butte,140,4148,1,60
2020-12-01,Butte,29,4177,0,60
2020-12-02,Butte,66,4243,0,60
2020-12-03,Butte,62,4305,0,60
2020-12-04,Butte,31,4336,0,60
2020-12-05,Butte,119,4455,0,60
2020-12-06,Butte,72,4527,0,60
2020-12-07,Butte,77,4604,2,62
2020-12-08,Butte,47,4651,0,62
2020-12-09,Butte,82,4733,2,64
2020-12-10,Butte,130,4863,0,64
2020-12-11,Butte,78,4941,3,67
2020-12-12,Butte,31,4972,0,67
2020-12-13,Butte,131,5103,0,67
2020-12-14,Butte,99,5202,0,67
2020-12-15,Butte,363,5565,0,67
2020-12-16,Butte,94,5659,7,74
2020-12-17,Butte,87,5746,0,74
2020-12-18,Butte,145,5891,3,77
2020-12-19,Butte,227,6118,1,78
2020-12-20,Butte,110,6228,0,78
2020-12-21,Butte,107,6335,5,83
2020-12-22,Butte,132,6467,0,83
2020-03-18,Santa Cruz,11,11,0,0
2020-03-19,Santa Cruz,2,13,0,0
2020-03-20,Santa Cruz,0,13,0,0
2020-03-21,Santa Cruz,4,17,0,0
2020-03-22,Santa Cruz,2,19,0,0
2020-03-23,Santa Cruz,2,21,0,0
2020-03-24,Santa Cruz,1,22,0,0
2020-03-25,Santa Cruz,4,26,0,0
2020-03-26,Santa Cruz,4,30,0,0
2020-03-27,Santa Cruz,1,31,0,0
2020-03-28,Santa Cruz,0,31,0,0
2020-03-29,Santa Cruz,2,33,1,1
2020-03-30,Santa Cruz,3,36,0,1
2020-03-31,Santa Cruz,4,40,0,1
2020-04-01,Santa Cruz,4,44,0,1
2020-04-02,Santa Cruz,5,49,0,1
2020-04-03,Santa Cruz,3,52,0,1
2020-04-04,Santa Cruz,4,56,0,1
2020-04-05,Santa Cruz,3,59,0,1
2020-04-06,Santa Cruz,6,65,0,1
2020-04-07,Santa Cruz,2,67,0,1
2020-04-08,Santa Cruz,2,69,0,1
2020-04-09,Santa Cruz,4,73,0,1
2020-04-10,Santa Cruz,2,75,0,1
2020-04-11,Santa Cruz,4,79,0,1
2020-04-12,Santa Cruz,1,80,0,1
2020-04-13,Santa Cruz,2,82,0,1
2020-04-14,Santa Cruz,2,84,0,1
2020-04-15,Santa Cruz,8,92,0,1
2020-04-16,Santa Cruz,-2,90,1,2
2020-04-17,Santa Cruz,4,94,0,2
2020-04-18,Santa Cruz,2,96,0,2
2020-04-19,Santa Cruz,2,98,0,2
2020-04-20,Santa Cruz,4,102,0,2
2020-04-21,Santa Cruz,2,104,0,2
2020-04-22,Santa Cruz,2,106,0,2
2020-04-23,Santa Cruz,4,110,0,2
2020-04-24,Santa Cruz,1,111,0,2
2020-04-25,Santa Cruz,1,112,0,2
2020-04-26,Santa Cruz,4,116,0,2
2020-04-27,Santa Cruz,7,123,0,2
2020-04-28,Santa Cruz,0,123,0,2
2020-04-29,Santa Cruz,1,124,0,2
2020-04-30,Santa Cruz,2,126,0,2
2020-05-01,Santa Cruz,1,127,0,2
2020-05-02,Santa Cruz,4,131,0,2
2020-05-03,Santa Cruz,2,133,0,2
2020-05-04,Santa Cruz,0,133,0,2
2020-05-05,Santa Cruz,1,134,0,2
2020-05-06,Santa Cruz,1,135,0,2
2020-05-07,Santa Cruz,1,136,0,2
2020-05-08,Santa Cruz,1,137,0,2
2020-05-09,Santa Cruz,1,138,0,2
2020-05-10,Santa Cruz,1,139,0,2
2020-05-11,Santa Cruz,1,140,0,2
2020-05-12,Santa Cruz,1,141,0,2
2020-05-13,Santa Cruz,1,142,0,2
2020-05-14,Santa Cruz,3,145,0,2
2020-05-15,Santa Cruz,1,146,1,3
2020-05-16,Santa Cruz,8,154,0,3
2020-05-17,Santa Cruz,1,155,0,3
2020-05-18,Santa Cruz,5,160,0,3
2020-05-19,Santa Cruz,1,161,0,3
2020-05-20,Santa Cruz,2,163,0,3
2020-05-21,Santa Cruz,1,164,0,3
2020-05-22,Santa Cruz,7,171,0,3
2020-05-23,Santa Cruz,6,177,0,3
2020-05-24,Santa Cruz,8,185,0,3
2020-05-25,Santa Cruz,6,191,0,3
2020-05-26,Santa Cruz,6,197,0,3
2020-05-27,Santa Cruz,5,202,0,3
2020-05-28,Santa Cruz,-1,201,0,3
2020-05-29,Santa Cruz,2,203,0,3
2020-05-30,Santa Cruz,3,206,0,3
2020-05-31,Santa Cruz,4,210,0,3
2020-06-01,Santa Cruz,5,215,0,3
2020-06-02,Santa Cruz,0,215,0,3
2020-06-03,Santa Cruz,2,217,0,3
2020-06-04,Santa Cruz,1,218,0,3
2020-06-05,Santa Cruz,4,222,0,3
2020-06-06,Santa Cruz,4,226,0,3
2020-06-07,Santa Cruz,4,230,0,3
2020-06-08,Santa Cruz,4,234,0,3
2020-06-09,Santa Cruz,3,237,0,3
2020-06-10,Santa Cruz,5,242,0,3
2020-06-11,Santa Cruz,5,247,0,3
2020-06-12,Santa Cruz,4,251,0,3
2020-06-13,Santa Cruz,3,254,0,3
2020-06-14,Santa Cruz,0,254,0,3
2020-06-15,Santa Cruz,0,254,0,3
2020-06-16,Santa Cruz,3,257,0,3
2020-06-17,Santa Cruz,8,265,0,3
2020-06-18,Santa Cruz,10,275,-1,2
2020-06-19,Santa Cruz,8,283,1,3
2020-06-20,Santa Cruz,4,287,0,3
2020-06-21,Santa Cruz,3,290,0,3
2020-06-22,Santa Cruz,0,290,0,3
2020-06-23,Santa Cruz,23,313,0,3
2020-06-24,Santa Cruz,16,329,0,3
2020-06-25,Santa Cruz,7,336,0,3
2020-06-26,Santa Cruz,10,346,0,3
2020-06-27,Santa Cruz,4,350,0,3
2020-06-28,Santa Cruz,10,360,0,3
2020-06-29,Santa Cruz,13,373,0,3
2020-06-30,Santa Cruz,18,391,0,3
2020-07-01,Santa Cruz,8,399,0,3
2020-07-02,Santa Cruz,15,414,0,3
2020-07-03,Santa Cruz,22,436,0,3
2020-07-04,Santa Cruz,30,466,0,3
2020-07-05,Santa Cruz,1,467,0,3
2020-07-06,Santa Cruz,-1,466,0,3
2020-07-07,Santa Cruz,36,502,0,3
2020-07-08,Santa Cruz,7,509,0,3
2020-07-09,Santa Cruz,17,526,0,3
2020-07-10,Santa Cruz,14,540,0,3
2020-07-11,Santa Cruz,31,571,0,3
2020-07-12,Santa Cruz,2,573,0,3
2020-07-13,Santa Cruz,1,574,0,3
2020-07-14,Santa Cruz,65,639,0,3
2020-07-15,Santa Cruz,21,660,0,3
2020-07-16,Santa Cruz,38,698,0,3
2020-07-17,Santa Cruz,18,716,0,3
2020-07-18,Santa Cruz,35,751,0,3
2020-07-19,Santa Cruz,2,753,0,3
2020-07-20,Santa Cruz,5,758,0,3
2020-07-21,Santa Cruz,77,835,0,3
2020-07-22,Santa Cruz,31,866,0,3
2020-07-23,Santa Cruz,21,887,1,4
2020-07-24,Santa Cruz,43,930,0,4
2020-07-25,Santa Cruz,9,939,0,4
2020-07-26,Santa Cruz,31,970,0,4
2020-07-27,Santa Cruz,14,984,0,4
2020-07-28,Santa Cruz,34,1018,0,4
2020-07-29,Santa Cruz,33,1051,0,4
2020-07-30,Santa Cruz,36,1087,0,4
2020-07-31,Santa Cruz,31,1118,0,4
2020-08-01,Santa Cruz,46,1164,0,4
2020-08-02,Santa Cruz,-2,1162,0,4
2020-08-03,Santa Cruz,-8,1154,0,4
2020-08-04,Santa Cruz,48,1202,0,4
2020-08-05,Santa Cruz,-10,1192,0,4
2020-08-06,Santa Cruz,23,1215,0,4
2020-08-07,Santa Cruz,19,1234,0,4
2020-08-08,Santa Cruz,13,1247,2,6
2020-08-09,Santa Cruz,-1,1246,0,6
2020-08-10,Santa Cruz,-7,1239,0,6
2020-08-11,Santa Cruz,113,1352,0,6
2020-08-12,Santa Cruz,30,1382,0,6
2020-08-13,Santa Cruz,1,1383,0,6
2020-08-14,Santa Cruz,35,1418,0,6
2020-08-15,Santa Cruz,31,1449,1,7
2020-08-16,Santa Cruz,0,1449,0,7
2020-08-17,Santa Cruz,4,1453,0,7
2020-08-18,Santa Cruz,56,1509,0,7
2020-08-19,Santa Cruz,45,1554,0,7
2020-08-20,Santa Cruz,27,1581,0,7
2020-08-21,Santa Cruz,36,1617,0,7
2020-08-22,Santa Cruz,11,1628,0,7
2020-08-23,Santa Cruz,-1,1627,0,7
2020-08-24,Santa Cruz,0,1627,0,7
2020-08-25,Santa Cruz,81,1708,0,7
2020-08-26,Santa Cruz,18,1726,0,7
2020-08-27,Santa Cruz,8,1734,0,7
2020-08-28,Santa Cruz,13,1747,0,7
2020-08-29,Santa Cruz,-1,1746,0,7
2020-08-30,Santa Cruz,-3,1743,0,7
2020-08-31,Santa Cruz,-1,1742,0,7
2020-09-01,Santa Cruz,10,1752,0,7
2020-09-02,Santa Cruz,98,1850,0,7
2020-09-03,Santa Cruz,20,1870,0,7
2020-09-04,Santa Cruz,26,1896,0,7
2020-09-05,Santa Cruz,8,1904,0,7
2020-09-06,Santa Cruz,-2,1902,0,7
2020-09-07,Santa Cruz,0,1902,0,7
2020-09-08,Santa Cruz,1,1903,0,7
2020-09-09,Santa Cruz,64,1967,0,7
2020-09-10,Santa Cruz,19,1986,0,7
2020-09-11,Santa Cruz,11,1997,0,7
2020-09-12,Santa Cruz,19,2016,0,7
2020-09-13,Santa Cruz,0,2016,0,7
2020-09-14,Santa Cruz,0,2016,0,7
2020-09-15,Santa Cruz,63,2079,0,7
2020-09-16,Santa Cruz,10,2089,1,8
2020-09-17,Santa Cruz,66,2155,0,8
2020-09-18,Santa Cruz,25,2180,0,8
2020-09-19,Santa Cruz,18,2198,0,8
2020-09-20,Santa Cruz,1,2199,0,8
2020-09-21,Santa Cruz,58,2257,0,8
2020-09-22,Santa Cruz,7,2264,0,8
2020-09-23,Santa Cruz,19,2283,1,9
2020-09-24,Santa Cruz,17,2300,0,9
2020-09-25,Santa Cruz,9,2309,0,9
2020-09-26,Santa Cruz,27,2336,0,9
2020-09-27,Santa Cruz,23,2359,0,9
2020-09-28,Santa Cruz,0,2359,0,9
2020-09-29,Santa Cruz,24,2383,1,10
2020-09-30,Santa Cruz,22,2405,2,12
2020-10-01,Santa Cruz,13,2418,0,12
2020-10-02,Santa Cruz,45,2463,0,12
2020-10-03,Santa Cruz,13,2476,0,12
2020-10-04,Santa Cruz,7,2483,0,12
2020-10-05,Santa Cruz,9,2492,0,12
2020-10-06,Santa Cruz,18,2510,2,14
2020-10-07,Santa Cruz,8,2518,4,18
2020-10-08,Santa Cruz,17,2535,1,19
2020-10-09,Santa Cruz,20,2555,1,20
2020-10-10,Santa Cruz,17,2572,0,20
2020-10-11,Santa Cruz,6,2578,0,20
2020-10-12,Santa Cruz,12,2590,0,20
2020-10-13,Santa Cruz,13,2603,0,20
2020-10-14,Santa Cruz,15,2618,3,23
2020-10-15,Santa Cruz,38,2656,0,23
2020-10-16,Santa Cruz,10,2666,0,23
2020-10-17,Santa Cruz,14,2680,0,23
2020-10-18,Santa Cruz,12,2692,0,23
2020-10-19,Santa Cruz,13,2705,0,23
2020-10-20,Santa Cruz,5,2710,1,24
2020-10-21,Santa Cruz,19,2729,1,25
2020-10-22,Santa Cruz,9,2738,0,25
2020-10-23,Santa Cruz,19,2757,0,25
2020-10-24,Santa Cruz,18,2775,0,25
2020-10-25,Santa Cruz,14,2789,0,25
2020-10-26,Santa Cruz,19,2808,0,25
2020-10-27,Santa Cruz,7,2815,0,25
2020-10-28,Santa Cruz,21,2836,0,25
2020-10-29,Santa Cruz,14,2850,0,25
2020-10-30,Santa Cruz,24,2874,1,26
2020-10-31,Santa Cruz,21,2895,0,26
2020-11-01,Santa Cruz,26,2921,0,26
2020-11-02,Santa Cruz,22,2943,0,26
2020-11-03,Santa Cruz,37,2980,0,26
2020-11-04,Santa Cruz,17,2997,0,26
2020-11-05,Santa Cruz,26,3023,0,26
2020-11-06,Santa Cruz,40,3063,0,26
2020-11-07,Santa Cruz,38,3101,0,26
2020-11-08,Santa Cruz,33,3134,0,26
2020-11-09,Santa Cruz,60,3194,0,26
2020-11-10,Santa Cruz,27,3221,0,26
2020-11-11,Santa Cruz,26,3247,0,26
2020-11-12,Santa Cruz,70,3317,0,26
2020-11-13,Santa Cruz,26,3343,0,26
2020-11-14,Santa Cruz,59,3402,0,26
2020-11-15,Santa Cruz,37,3439,0,26
2020-11-16,Santa Cruz,81,3520,0,26
2020-11-17,Santa Cruz,28,3548,0,26
2020-11-18,Santa Cruz,70,3618,1,27
2020-11-19,Santa Cruz,61,3679,0,27
2020-11-20,Santa Cruz,136,3815,0,27
2020-11-21,Santa Cruz,83,3898,0,27
2020-11-22,Santa Cruz,-2,3896,0,27
2020-11-23,Santa Cruz,107,4003,1,28
2020-11-24,Santa Cruz,129,4132,0,28
2020-11-25,Santa Cruz,70,4202,0,28
2020-11-26,Santa Cruz,67,4269,0,28
2020-11-27,Santa Cruz,89,4358,0,28
2020-11-28,Santa Cruz,68,4426,0,28
2020-11-29,Santa Cruz,64,4490,0,28
2020-11-30,Santa Cruz,68,4558,0,28
2020-12-01,Santa Cruz,80,4638,1,29
2020-12-02,Santa Cruz,128,4766,4,33
2020-12-03,Santa Cruz,84,4850,4,37
2020-12-04,Santa Cruz,135,4985,3,40
2020-12-05,Santa Cruz,12,4997,0,40
2020-12-06,Santa Cruz,72,5069,0,40
2020-12-07,Santa Cruz,83,5152,4,44
2020-12-08,Santa Cruz,222,5374,3,47
2020-12-09,Santa Cruz,153,5527,0,47
2020-12-10,Santa Cruz,118,5645,0,47
2020-12-11,Santa Cruz,119,5764,6,53
2020-12-12,Santa Cruz,141,5905,0,53
2020-12-13,Santa Cruz,81,5986,0,53
2020-12-14,Santa Cruz,63,6049,2,55
2020-12-15,Santa Cruz,312,6361,5,60
2020-12-16,Santa Cruz,175,6536,4,64
2020-12-17,Santa Cruz,151,6687,0,64
2020-12-18,Santa Cruz,151,6838,6,70
2020-12-19,Santa Cruz,216,7054,0,70
2020-12-20,Santa Cruz,124,7178,0,70
2020-12-21,Santa Cruz,137,7315,3,73
2020-12-22,Santa Cruz,156,7471,0,73
2020-03-18,Mendocino,0,0,0,0
2020-03-19,Mendocino,1,1,0,0
2020-03-20,Mendocino,0,1,0,0
2020-03-21,Mendocino,0,1,0,0
2020-03-22,Mendocino,0,1,0,0
2020-03-23,Mendocino,0,1,0,0
2020-03-24,Mendocino,0,1,0,0
2020-03-25,Mendocino,0,1,0,0
2020-03-26,Mendocino,0,1,0,0
2020-03-27,Mendocino,1,2,0,0
2020-03-28,Mendocino,0,2,0,0
2020-03-29,Mendocino,0,2,0,0
2020-03-30,Mendocino,0,2,0,0
2020-03-31,Mendocino,2,4,0,0
2020-04-01,Mendocino,0,4,0,0
2020-04-02,Mendocino,0,4,0,0
2020-04-03,Mendocino,0,4,0,0
2020-04-04,Mendocino,0,4,0,0
2020-04-05,Mendocino,0,4,0,0
2020-04-06,Mendocino,0,4,0,0
2020-04-07,Mendocino,0,4,0,0
2020-04-08,Mendocino,0,4,0,0
2020-04-09,Mendocino,0,4,0,0
2020-04-10,Mendocino,0,4,0,0
2020-04-11,Mendocino,0,4,0,0
2020-04-12,Mendocino,0,4,0,0
2020-04-13,Mendocino,0,4,0,0
2020-04-14,Mendocino,0,4,0,0
2020-04-15,Mendocino,0,4,0,0
2020-04-16,Mendocino,0,4,0,0
2020-04-17,Mendocino,0,4,0,0
2020-04-18,Mendocino,0,4,0,0
2020-04-19,Mendocino,0,4,0,0
2020-04-20,Mendocino,1,5,0,0
2020-04-21,Mendocino,0,5,0,0
2020-04-22,Mendocino,0,5,0,0
2020-04-23,Mendocino,0,5,0,0
2020-04-24,Mendocino,0,5,0,0
2020-04-25,Mendocino,0,5,0,0
2020-04-26,Mendocino,0,5,0,0
2020-04-27,Mendocino,5,10,0,0
2020-04-28,Mendocino,0,10,0,0
2020-04-29,Mendocino,1,11,0,0
2020-04-30,Mendocino,0,11,0,0
2020-05-01,Mendocino,0,11,0,0
2020-05-02,Mendocino,-1,10,0,0
2020-05-03,Mendocino,0,10,0,0
2020-05-04,Mendocino,0,10,0,0
2020-05-05,Mendocino,0,10,0,0
2020-05-06,Mendocino,0,10,0,0
2020-05-07,Mendocino,0,10,0,0
2020-05-08,Mendocino,0,10,0,0
2020-05-09,Mendocino,0,10,0,0
2020-05-10,Mendocino,0,10,0,0
2020-05-11,Mendocino,0,10,0,0
2020-05-12,Mendocino,0,10,0,0
2020-05-13,Mendocino,0,10,0,0
2020-05-14,Mendocino,0,10,0,0
2020-05-15,Mendocino,0,10,0,0
2020-05-16,Mendocino,0,10,0,0
2020-05-17,Mendocino,0,10,0,0
2020-05-18,Mendocino,2,12,0,0
2020-05-19,Mendocino,0,12,0,0
2020-05-20,Mendocino,0,12,0,0
2020-05-21,Mendocino,0,12,0,0
2020-05-22,Mendocino,1,13,0,0
2020-05-23,Mendocino,0,13,0,0
2020-05-24,Mendocino,6,19,0,0
2020-05-25,Mendocino,0,19,0,0
2020-05-26,Mendocino,1,20,0,0
2020-05-27,Mendocino,1,21,0,0
2020-05-28,Mendocino,3,24,0,0
2020-05-29,Mendocino,1,25,0,0
2020-05-30,Mendocino,-1,24,0,0
2020-05-31,Mendocino,0,24,0,0
2020-06-01,Mendocino,4,28,0,0
2020-06-02,Mendocino,1,29,0,0
2020-06-03,Mendocino,0,29,0,0
2020-06-04,Mendocino,0,29,0,0
2020-06-05,Mendocino,3,32,0,0
2020-06-06,Mendocino,0,32,0,0
2020-06-07,Mendocino,0,32,0,0
2020-06-08,Mendocino,0,32,0,0
2020-06-09,Mendocino,3,35,0,0
2020-06-10,Mendocino,0,35,0,0
2020-06-11,Mendocino,0,35,0,0
2020-06-12,Mendocino,-2,33,0,0
2020-06-13,Mendocino,0,33,0,0
2020-06-14,Mendocino,0,33,0,0
2020-06-15,Mendocino,0,33,0,0
2020-06-16,Mendocino,2,35,0,0
2020-06-17,Mendocino,7,42,0,0
2020-06-18,Mendocino,3,45,0,0
2020-06-19,Mendocino,3,48,0,0
2020-06-20,Mendocino,0,48,0,0
2020-06-21,Mendocino,0,48,0,0
2020-06-22,Mendocino,0,48,0,0
2020-06-23,Mendocino,13,61,0,0
2020-06-24,Mendocino,-1,60,0,0
2020-06-25,Mendocino,1,61,0,0
2020-06-26,Mendocino,2,63,0,0
2020-06-27,Mendocino,0,63,0,0
2020-06-28,Mendocino,1,64,0,0
2020-06-29,Mendocino,2,66,0,0
2020-06-30,Mendocino,2,68,0,0
2020-07-01,Mendocino,2,70,0,0
2020-07-02,Mendocino,1,71,0,0
2020-07-03,Mendocino,1,72,0,0
2020-07-04,Mendocino,0,72,0,0
2020-07-05,Mendocino,0,72,0,0
2020-07-06,Mendocino,0,72,0,0
2020-07-07,Mendocino,10,82,0,0
2020-07-08,Mendocino,2,84,0,0
2020-07-09,Mendocino,4,88,0,0
2020-07-10,Mendocino,0,88,0,0
2020-07-11,Mendocino,0,88,0,0
2020-07-12,Mendocino,0,88,0,0
2020-07-13,Mendocino,-1,87,0,0
2020-07-14,Mendocino,23,110,0,0
2020-07-15,Mendocino,9,119,0,0
2020-07-16,Mendocino,2,121,0,0
2020-07-17,Mendocino,5,126,0,0
2020-07-18,Mendocino,11,137,0,0
2020-07-19,Mendocino,0,137,0,0
2020-07-20,Mendocino,16,153,0,0
2020-07-21,Mendocino,7,160,0,0
2020-07-22,Mendocino,6,166,0,0
2020-07-23,Mendocino,12,178,3,3
2020-07-24,Mendocino,10,188,1,4
2020-07-25,Mendocino,2,190,2,6
2020-07-26,Mendocino,16,206,0,6
2020-07-27,Mendocino,3,209,0,6
2020-07-28,Mendocino,13,222,0,6
2020-07-29,Mendocino,6,228,0,6
2020-07-30,Mendocino,4,232,0,6
2020-07-31,Mendocino,0,232,3,9
2020-08-01,Mendocino,11,243,0,9
2020-08-02,Mendocino,4,247,0,9
2020-08-03,Mendocino,1,248,0,9
2020-08-04,Mendocino,0,248,0,9
2020-08-05,Mendocino,0,248,1,10
2020-08-06,Mendocino,12,260,0,10
2020-08-07,Mendocino,2,262,0,10
2020-08-08,Mendocino,2,264,0,10
2020-08-09,Mendocino,19,283,0,10
2020-08-10,Mendocino,81,364,0,10
2020-08-11,Mendocino,21,385,0,10
2020-08-12,Mendocino,1,386,0,10
2020-08-13,Mendocino,15,401,0,10
2020-08-14,Mendocino,31,432,0,10
2020-08-15,Mendocino,12,444,0,10
2020-08-16,Mendocino,7,451,0,10
2020-08-17,Mendocino,3,454,0,10
2020-08-18,Mendocino,14,468,2,12
2020-08-19,Mendocino,27,495,0,12
2020-08-20,Mendocino,2,497,2,14
2020-08-21,Mendocino,8,505,2,16
2020-08-22,Mendocino,24,529,0,16
2020-08-23,Mendocino,21,550,0,16
2020-08-24,Mendocino,0,550,0,16
2020-08-25,Mendocino,21,571,0,16
2020-08-26,Mendocino,10,581,0,16
2020-08-27,Mendocino,0,581,1,17
2020-08-28,Mendocino,7,588,0,17
2020-08-29,Mendocino,8,596,0,17
2020-08-30,Mendocino,15,611,0,17
2020-08-31,Mendocino,7,618,0,17
2020-09-01,Mendocino,8,626,0,17
2020-09-02,Mendocino,10,636,0,17
2020-09-03,Mendocino,2,638,0,17
2020-09-04,Mendocino,8,646,0,17
2020-09-05,Mendocino,12,658,0,17
2020-09-06,Mendocino,14,672,0,17
2020-09-07,Mendocino,15,687,0,17
2020-09-08,Mendocino,3,690,0,17
2020-09-09,Mendocino,5,695,0,17
2020-09-10,Mendocino,2,697,1,18
2020-09-11,Mendocino,3,700,-1,17
2020-09-12,Mendocino,0,700,0,17
2020-09-13,Mendocino,7,707,0,17
2020-09-14,Mendocino,3,710,0,17
2020-09-15,Mendocino,14,724,1,18
2020-09-16,Mendocino,3,727,0,18
2020-09-17,Mendocino,10,737,0,18
2020-09-18,Mendocino,2,739,0,18
2020-09-19,Mendocino,11,750,0,18
2020-09-20,Mendocino,15,765,0,18
2020-09-21,Mendocino,13,778,0,18
2020-09-22,Mendocino,16,794,0,18
2020-09-23,Mendocino,7,801,0,18
2020-09-24,Mendocino,9,810,0,18
2020-09-25,Mendocino,9,819,0,18
2020-09-26,Mendocino,17,836,0,18
2020-09-27,Mendocino,10,846,0,18
2020-09-28,Mendocino,4,850,0,18
2020-09-29,Mendocino,4,854,0,18
2020-09-30,Mendocino,13,867,0,18
2020-10-01,Mendocino,7,874,1,19
2020-10-02,Mendocino,9,883,0,19
2020-10-03,Mendocino,15,898,0,19
2020-10-04,Mendocino,7,905,1,20
2020-10-05,Mendocino,8,913,0,20
2020-10-06,Mendocino,7,920,0,20
2020-10-07,Mendocino,7,927,1,21
2020-10-08,Mendocino,3,930,0,21
2020-10-09,Mendocino,3,933,0,21
2020-10-10,Mendocino,2,935,0,21
2020-10-11,Mendocino,9,944,0,21
2020-10-12,Mendocino,3,947,0,21
2020-10-13,Mendocino,3,950,0,21
2020-10-14,Mendocino,5,955,0,21
2020-10-15,Mendocino,8,963,0,21
2020-10-16,Mendocino,11,974,0,21
2020-10-17,Mendocino,3,977,0,21
2020-10-18,Mendocino,11,988,0,21
2020-10-19,Mendocino,13,1001,0,21
2020-10-20,Mendocino,3,1004,0,21
2020-10-21,Mendocino,7,1011,0,21
2020-10-22,Mendocino,5,1016,0,21
2020-10-23,Mendocino,3,1019,0,21
2020-10-24,Mendocino,3,1022,0,21
2020-10-25,Mendocino,2,1024,0,21
2020-10-26,Mendocino,2,1026,0,21
2020-10-27,Mendocino,7,1033,0,21
2020-10-28,Mendocino,4,1037,0,21
2020-10-29,Mendocino,21,1058,0,21
2020-10-30,Mendocino,4,1062,0,21
2020-10-31,Mendocino,4,1066,0,21
2020-11-01,Mendocino,8,1074,0,21
2020-11-02,Mendocino,2,1076,0,21
2020-11-03,Mendocino,8,1084,0,21
2020-11-04,Mendocino,5,1089,0,21
2020-11-05,Mendocino,23,1112,0,21
2020-11-06,Mendocino,1,1113,0,21
2020-11-07,Mendocino,5,1118,0,21
2020-11-08,Mendocino,11,1129,0,21
2020-11-09,Mendocino,3,1132,0,21
2020-11-10,Mendocino,5,1137,0,21
2020-11-11,Mendocino,5,1142,1,22
2020-11-12,Mendocino,0,1142,0,22
2020-11-13,Mendocino,31,1173,0,22
2020-11-14,Mendocino,8,1181,0,22
2020-11-15,Mendocino,16,1197,0,22
2020-11-16,Mendocino,12,1209,0,22
2020-11-17,Mendocino,7,1216,0,22
2020-11-18,Mendocino,21,1237,0,22
2020-11-19,Mendocino,0,1237,0,22
2020-11-20,Mendocino,32,1269,0,22
2020-11-21,Mendocino,13,1282,0,22
2020-11-22,Mendocino,3,1285,0,22
2020-11-23,Mendocino,45,1330,0,22
2020-11-24,Mendocino,16,1346,0,22
2020-11-25,Mendocino,27,1373,0,22
2020-11-26,Mendocino,14,1387,0,22
2020-11-27,Mendocino,0,1387,0,22
2020-11-28,Mendocino,71,1458,1,23
2020-11-29,Mendocino,15,1473,0,23
2020-11-30,Mendocino,9,1482,0,23
2020-12-01,Mendocino,15,1497,0,23
2020-12-02,Mendocino,27,1524,0,23
2020-12-03,Mendocino,23,1547,0,23
2020-12-04,Mendocino,16,1563,0,23
2020-12-05,Mendocino,22,1585,0,23
2020-12-06,Mendocino,29,1614,0,23
2020-12-07,Mendocino,24,1638,0,23
2020-12-08,Mendocino,28,1666,1,24
2020-12-09,Mendocino,37,1703,0,24
2020-12-10,Mendocino,45,1748,0,24
2020-12-11,Mendocino,21,1769,0,24
2020-12-12,Mendocino,2,1771,0,24
2020-12-13,Mendocino,22,1793,0,24
2020-12-14,Mendocino,52,1845,0,24
2020-12-15,Mendocino,38,1883,0,24
2020-12-16,Mendocino,46,1929,0,24
2020-12-17,Mendocino,13,1942,0,24
2020-12-18,Mendocino,35,1977,1,25
2020-12-19,Mendocino,31,2008,0,25
2020-12-20,Mendocino,25,2033,0,25
2020-12-21,Mendocino,33,2066,0,25
2020-12-22,Mendocino,26,2092,0,25
2020-03-18,Fresno,3,3,0,0
2020-03-19,Fresno,3,6,0,0
2020-03-20,Fresno,1,7,0,0
2020-03-21,Fresno,1,8,0,0
2020-03-22,Fresno,0,8,0,0
2020-03-23,Fresno,2,10,0,0
2020-03-24,Fresno,8,18,0,0
2020-03-25,Fresno,3,21,0,0
2020-03-26,Fresno,4,25,0,0
2020-03-27,Fresno,4,29,0,0
2020-03-28,Fresno,2,31,0,0
2020-03-29,Fresno,0,31,0,0
2020-03-30,Fresno,15,46,0,0
2020-03-31,Fresno,13,59,0,0
2020-04-01,Fresno,16,75,0,0
2020-04-02,Fresno,17,92,0,0
2020-04-03,Fresno,6,98,1,1
2020-04-04,Fresno,4,102,0,1
2020-04-05,Fresno,0,102,0,1
2020-04-06,Fresno,20,122,0,1
2020-04-07,Fresno,16,138,2,3
2020-04-08,Fresno,13,151,0,3
2020-04-09,Fresno,14,165,0,3
2020-04-10,Fresno,21,186,1,4
2020-04-11,Fresno,15,201,0,4
2020-04-12,Fresno,4,205,0,4
2020-04-13,Fresno,4,209,1,5
2020-04-14,Fresno,35,244,0,5
2020-04-15,Fresno,20,264,2,7
2020-04-16,Fresno,25,289,0,7
2020-04-17,Fresno,26,315,0,7
2020-04-18,Fresno,4,319,0,7
2020-04-19,Fresno,7,326,0,7
2020-04-20,Fresno,30,356,0,7
2020-04-21,Fresno,16,372,0,7
2020-04-22,Fresno,16,388,0,7
2020-04-23,Fresno,38,426,0,7
2020-04-24,Fresno,23,449,0,7
2020-04-25,Fresno,10,459,0,7
2020-04-26,Fresno,17,476,0,7
2020-04-27,Fresno,28,504,0,7
2020-04-28,Fresno,21,525,0,7
2020-04-29,Fresno,19,544,0,7
2020-04-30,Fresno,18,562,0,7
2020-05-01,Fresno,55,617,1,8
2020-05-02,Fresno,12,629,0,8
2020-05-03,Fresno,17,646,0,8
2020-05-04,Fresno,34,680,1,9
2020-05-05,Fresno,46,726,0,9
2020-05-06,Fresno,47,773,0,9
2020-05-07,Fresno,39,812,0,9
2020-05-08,Fresno,26,838,0,9
2020-05-09,Fresno,23,861,0,9
2020-05-10,Fresno,33,894,0,9
2020-05-11,Fresno,43,937,0,9
2020-05-12,Fresno,41,978,1,10
2020-05-13,Fresno,15,993,3,13
2020-05-14,Fresno,45,1038,0,13
2020-05-15,Fresno,88,1126,3,16
2020-05-16,Fresno,51,1177,0,16
2020-05-17,Fresno,36,1213,0,16
2020-05-18,Fresno,31,1244,1,17
2020-05-19,Fresno,44,1288,0,17
2020-05-20,Fresno,41,1329,3,20
2020-05-21,Fresno,33,1362,2,22
2020-05-22,Fresno,37,1399,0,22
2020-05-23,Fresno,48,1447,0,22
2020-05-24,Fresno,8,1455,0,22
2020-05-25,Fresno,41,1496,0,22
2020-05-26,Fresno,0,1496,4,26
2020-05-27,Fresno,124,1620,4,30
2020-05-28,Fresno,33,1653,2,32
2020-05-29,Fresno,34,1687,3,35
2020-05-30,Fresno,57,1744,0,35
2020-05-31,Fresno,36,1780,0,35
2020-06-01,Fresno,74,1854,1,36
2020-06-02,Fresno,63,1917,1,37
2020-06-03,Fresno,26,1943,0,37
2020-06-04,Fresno,64,2007,3,40
2020-06-05,Fresno,44,2051,3,43
2020-06-06,Fresno,66,2117,0,43
2020-06-07,Fresno,27,2144,0,43
2020-06-08,Fresno,50,2194,0,43
2020-06-09,Fresno,84,2278,5,48
2020-06-10,Fresno,46,2324,1,49
2020-06-11,Fresno,14,2338,2,51
2020-06-12,Fresno,90,2428,1,52
2020-06-13,Fresno,71,2499,0,52
2020-06-14,Fresno,86,2585,0,52
2020-06-15,Fresno,31,2616,3,55
2020-06-16,Fresno,115,2731,2,57
2020-06-17,Fresno,70,2801,4,61
2020-06-18,Fresno,146,2947,1,62
2020-06-19,Fresno,162,3109,4,66
2020-06-20,Fresno,113,3222,0,66
2020-06-21,Fresno,74,3296,0,66
2020-06-22,Fresno,129,3425,1,67
2020-06-23,Fresno,144,3569,3,70
2020-06-24,Fresno,196,3765,1,71
2020-06-25,Fresno,193,3958,0,71
2020-06-26,Fresno,239,4197,1,72
2020-06-27,Fresno,165,4362,0,72
2020-06-28,Fresno,130,4492,0,72
2020-06-29,Fresno,315,4807,0,72
2020-06-30,Fresno,204,5011,2,74
2020-07-01,Fresno,253,5264,1,75
2020-07-02,Fresno,138,5402,2,77
2020-07-03,Fresno,381,5783,0,77
2020-07-04,Fresno,216,5999,0,77
2020-07-05,Fresno,187,6186,0,77
2020-07-06,Fresno,178,6364,1,78
2020-07-07,Fresno,374,6738,3,81
2020-07-08,Fresno,364,7102,3,84
2020-07-09,Fresno,283,7385,3,87
2020-07-10,Fresno,375,7760,0,87
2020-07-11,Fresno,326,8086,1,88
2020-07-12,Fresno,321,8407,0,88
2020-07-13,Fresno,259,8666,0,88
2020-07-14,Fresno,275,8941,3,91
2020-07-15,Fresno,183,9124,0,91
2020-07-16,Fresno,357,9481,0,91
2020-07-17,Fresno,473,9954,9,100
2020-07-18,Fresno,427,10381,0,100
2020-07-19,Fresno,258,10639,0,100
2020-07-20,Fresno,252,10891,0,100
2020-07-21,Fresno,521,11412,4,104
2020-07-22,Fresno,344,11756,0,104
2020-07-23,Fresno,408,12164,0,104
2020-07-24,Fresno,400,12564,8,112
2020-07-25,Fresno,302,12866,0,112
2020-07-26,Fresno,343,13209,0,112
2020-07-27,Fresno,276,13485,0,112
2020-07-28,Fresno,448,13933,8,120
2020-07-29,Fresno,379,14312,0,120
2020-07-30,Fresno,481,14793,0,120
2020-07-31,Fresno,290,15083,18,138
2020-08-01,Fresno,365,15448,0,138
2020-08-02,Fresno,311,15759,0,138
2020-08-03,Fresno,186,15945,0,138
2020-08-04,Fresno,327,16272,19,157
2020-08-05,Fresno,353,16625,0,157
2020-08-06,Fresno,406,17031,0,157
2020-08-07,Fresno,259,17290,14,171
2020-08-08,Fresno,248,17538,0,171
2020-08-09,Fresno,308,17846,0,171
2020-08-10,Fresno,132,17978,0,171
2020-08-11,Fresno,366,18344,20,191
2020-08-12,Fresno,346,18690,0,191
2020-08-13,Fresno,467,19157,0,191
2020-08-14,Fresno,743,19900,12,203
2020-08-15,Fresno,703,20603,0,203
2020-08-16,Fresno,407,21010,0,203
2020-08-17,Fresno,306,21316,0,203
2020-08-18,Fresno,482,21798,2,205
2020-08-19,Fresno,369,22167,0,205
2020-08-20,Fresno,368,22535,0,205
2020-08-21,Fresno,305,22840,21,226
2020-08-22,Fresno,357,23197,0,226
2020-08-23,Fresno,217,23414,0,226
2020-08-24,Fresno,204,23618,0,226
2020-08-25,Fresno,314,23932,13,239
2020-08-26,Fresno,139,24071,0,239
2020-08-27,Fresno,296,24367,0,239
2020-08-28,Fresno,245,24612,24,263
2020-08-29,Fresno,209,24821,0,263
2020-08-30,Fresno,142,24963,0,263
2020-08-31,Fresno,222,25185,0,263
2020-09-01,Fresno,357,25542,27,290
2020-09-02,Fresno,243,25785,0,290
2020-09-03,Fresno,193,25978,0,290
2020-09-04,Fresno,169,26147,22,312
2020-09-05,Fresno,178,26325,0,312
2020-09-06,Fresno,146,26471,0,312
2020-09-07,Fresno,94,26565,0,312
2020-09-08,Fresno,75,26640,14,326
2020-09-09,Fresno,84,26724,0,326
2020-09-10,Fresno,59,26783,0,326
2020-09-11,Fresno,134,26917,11,337
2020-09-12,Fresno,159,27076,0,337
2020-09-13,Fresno,120,27196,0,337
2020-09-14,Fresno,36,27232,0,337
2020-09-15,Fresno,80,27312,11,348
2020-09-16,Fresno,69,27381,0,348
2020-09-17,Fresno,106,27487,0,348
2020-09-18,Fresno,73,27560,7,355
2020-09-19,Fresno,108,27668,0,355
2020-09-20,Fresno,101,27769,0,355
2020-09-21,Fresno,74,27843,0,355
2020-09-22,Fresno,101,27944,7,362
2020-09-23,Fresno,75,28019,0,362
2020-09-24,Fresno,87,28106,0,362
2020-09-25,Fresno,93,28199,20,382
2020-09-26,Fresno,137,28336,0,382
2020-09-27,Fresno,105,28441,0,382
2020-09-28,Fresno,76,28517,0,382
2020-09-29,Fresno,104,28621,8,390
2020-09-30,Fresno,85,28706,0,390
2020-10-01,Fresno,90,28796,0,390
2020-10-02,Fresno,59,28855,9,399
2020-10-03,Fresno,120,28975,0,399
2020-10-04,Fresno,90,29065,0,399
2020-10-05,Fresno,71,29136,0,399
2020-10-06,Fresno,-114,29022,7,406
2020-10-07,Fresno,47,29069,0,406
2020-10-08,Fresno,42,29111,0,406
2020-10-09,Fresno,97,29208,0,406
2020-10-10,Fresno,78,29286,0,406
2020-10-11,Fresno,133,29419,0,406
2020-10-12,Fresno,104,29523,0,406
2020-10-13,Fresno,56,29579,18,424
2020-10-14,Fresno,71,29650,0,424
2020-10-15,Fresno,77,29727,0,424
2020-10-16,Fresno,69,29796,5,429
2020-10-17,Fresno,115,29911,0,429
2020-10-18,Fresno,140,30051,0,429
2020-10-19,Fresno,101,30152,0,429
2020-10-20,Fresno,68,30220,1,430
2020-10-21,Fresno,108,30328,0,430
2020-10-22,Fresno,143,30471,0,430
2020-10-23,Fresno,119,30590,0,430
2020-10-24,Fresno,162,30752,6,436
2020-10-25,Fresno,106,30858,0,436
2020-10-26,Fresno,111,30969,0,436
2020-10-27,Fresno,127,31096,3,439
2020-10-28,Fresno,99,31195,0,439
2020-10-29,Fresno,126,31321,0,439
2020-10-30,Fresno,88,31409,4,443
2020-10-31,Fresno,149,31558,0,443
2020-11-01,Fresno,55,31613,0,443
2020-11-02,Fresno,125,31738,0,443
2020-11-03,Fresno,118,31856,4,447
2020-11-04,Fresno,96,31952,0,447
2020-11-05,Fresno,104,32056,0,447
2020-11-06,Fresno,222,32278,7,454
2020-11-07,Fresno,219,32497,0,454
2020-11-08,Fresno,122,32619,0,454
2020-11-09,Fresno,136,32755,0,454
2020-11-10,Fresno,269,33024,2,456
2020-11-11,Fresno,263,33287,0,456
2020-11-12,Fresno,172,33459,0,456
2020-11-13,Fresno,234,33693,4,460
2020-11-14,Fresno,276,33969,0,460
2020-11-15,Fresno,328,34297,0,460
2020-11-16,Fresno,296,34593,0,460
2020-11-17,Fresno,172,34765,3,463
2020-11-18,Fresno,232,34997,0,463
2020-11-19,Fresno,281,35278,0,463
2020-11-20,Fresno,357,35635,8,471
2020-11-21,Fresno,338,35973,0,471
2020-11-22,Fresno,342,36315,0,471
2020-11-23,Fresno,373,36688,0,471
2020-11-24,Fresno,333,37021,6,477
2020-11-25,Fresno,328,37349,0,477
2020-11-26,Fresno,375,37724,0,477
2020-11-27,Fresno,270,37994,4,481
2020-11-28,Fresno,294,38288,0,481
2020-11-29,Fresno,280,38568,0,481
2020-11-30,Fresno,144,38712,0,481
2020-12-01,Fresno,292,39004,7,488
2020-12-02,Fresno,320,39324,0,488
2020-12-03,Fresno,356,39680,0,488
2020-12-04,Fresno,428,40108,18,506
2020-12-05,Fresno,460,40568,0,506
2020-12-06,Fresno,301,40869,0,506
2020-12-07,Fresno,229,41098,0,506
2020-12-08,Fresno,476,41574,8,514
2020-12-09,Fresno,380,41954,0,514
2020-12-10,Fresno,507,42461,0,514
2020-12-11,Fresno,610,43071,28,542
2020-12-12,Fresno,685,43756,0,542
2020-12-13,Fresno,358,44114,0,542
2020-12-14,Fresno,612,44726,0,542
2020-12-15,Fresno,2590,47316,15,557
2020-12-16,Fresno,1857,49173,0,557
2020-12-17,Fresno,745,49918,0,557
2020-12-18,Fresno,2725,52643,0,557
2020-12-19,Fresno,2785,55428,0,557
2020-12-20,Fresno,2188,57616,0,557
2020-12-21,Fresno,952,58568,0,557
2020-12-22,Fresno,1072,59640,89,646
2020-03-18,Inyo,0,0,0,0
2020-03-19,Inyo,0,0,0,0
2020-03-20,Inyo,0,0,0,0
2020-03-21,Inyo,0,0,0,0
2020-03-22,Inyo,0,0,0,0
2020-03-23,Inyo,0,0,0,0
2020-03-24,Inyo,0,0,0,0
2020-03-25,Inyo,0,0,0,0
2020-03-26,Inyo,0,0,0,0
2020-03-27,Inyo,0,0,0,0
2020-03-28,Inyo,0,0,0,0
2020-03-29,Inyo,0,0,0,0
2020-03-30,Inyo,5,5,0,0
2020-03-31,Inyo,3,8,0,0
2020-04-01,Inyo,0,8,0,0
2020-04-02,Inyo,0,8,0,0
2020-04-03,Inyo,2,10,0,0
2020-04-04,Inyo,0,10,0,0
2020-04-05,Inyo,0,10,0,0
2020-04-06,Inyo,1,11,0,0
2020-04-07,Inyo,0,11,0,0
2020-04-08,Inyo,0,11,0,0
2020-04-09,Inyo,0,11,0,0
2020-04-10,Inyo,0,11,0,0
2020-04-11,Inyo,1,12,0,0
2020-04-12,Inyo,0,12,0,0
2020-04-13,Inyo,0,12,0,0
2020-04-14,Inyo,0,12,0,0
2020-04-15,Inyo,0,12,0,0
2020-04-16,Inyo,5,17,0,0
2020-04-17,Inyo,0,17,0,0
2020-04-18,Inyo,0,17,0,0
2020-04-19,Inyo,0,17,0,0
2020-04-20,Inyo,0,17,0,0
2020-04-21,Inyo,1,18,0,0
2020-04-22,Inyo,0,18,0,0
2020-04-23,Inyo,1,19,0,0
2020-04-24,Inyo,1,20,1,1
2020-04-25,Inyo,0,20,0,1
2020-04-26,Inyo,0,20,0,1
2020-04-27,Inyo,0,20,0,1
2020-04-28,Inyo,0,20,0,1
2020-04-29,Inyo,0,20,0,1
2020-04-30,Inyo,0,20,0,1
2020-05-01,Inyo,0,20,0,1
2020-05-02,Inyo,0,20,0,1
2020-05-03,Inyo,0,20,0,1
2020-05-04,Inyo,0,20,0,1
2020-05-05,Inyo,0,20,0,1
2020-05-06,Inyo,0,20,0,1
2020-05-07,Inyo,0,20,0,1
2020-05-08,Inyo,0,20,0,1
2020-05-09,Inyo,0,20,0,1
2020-05-10,Inyo,0,20,0,1
2020-05-11,Inyo,0,20,0,1
2020-05-12,Inyo,0,20,0,1
2020-05-13,Inyo,0,20,0,1
2020-05-14,Inyo,0,20,0,1
2020-05-15,Inyo,0,20,0,1
2020-05-16,Inyo,0,20,0,1
2020-05-17,Inyo,0,20,0,1
2020-05-18,Inyo,0,20,0,1
2020-05-19,Inyo,0,20,0,1
2020-05-20,Inyo,0,20,0,1
2020-05-21,Inyo,0,20,0,1
2020-05-22,Inyo,0,20,0,1
2020-05-23,Inyo,0,20,0,1
2020-05-24,Inyo,0,20,0,1
2020-05-25,Inyo,0,20,0,1
2020-05-26,Inyo,0,20,0,1
2020-05-27,Inyo,0,20,0,1
2020-05-28,Inyo,0,20,0,1
2020-05-29,Inyo,0,20,0,1
2020-05-30,Inyo,0,20,0,1
2020-05-31,Inyo,0,20,0,1
2020-06-01,Inyo,0,20,0,1
2020-06-02,Inyo,0,20,0,1
2020-06-03,Inyo,0,20,0,1
2020-06-04,Inyo,0,20,0,1
2020-06-05,Inyo,1,21,0,1
2020-06-06,Inyo,0,21,0,1
2020-06-07,Inyo,0,21,0,1
2020-06-08,Inyo,1,22,0,1
2020-06-09,Inyo,0,22,0,1
2020-06-10,Inyo,1,23,0,1
2020-06-11,Inyo,0,23,0,1
2020-06-12,Inyo,0,23,0,1
2020-06-13,Inyo,0,23,0,1
2020-06-14,Inyo,0,23,0,1
2020-06-15,Inyo,0,23,0,1
2020-06-16,Inyo,1,24,0,1
2020-06-17,Inyo,1,25,0,1
2020-06-18,Inyo,0,25,0,1
2020-06-19,Inyo,1,26,0,1
2020-06-20,Inyo,0,26,0,1
2020-06-21,Inyo,0,26,0,1
2020-06-22,Inyo,0,26,0,1
2020-06-23,Inyo,0,26,0,1
2020-06-24,Inyo,2,28,0,1
2020-06-25,Inyo,-1,27,0,1
2020-06-26,Inyo,2,29,0,1
2020-06-27,Inyo,0,29,0,1
2020-06-28,Inyo,0,29,0,1
2020-06-29,Inyo,0,29,0,1
2020-06-30,Inyo,1,30,0,1
2020-07-01,Inyo,-1,29,0,1
2020-07-02,Inyo,0,29,0,1
2020-07-03,Inyo,3,32,0,1
2020-07-04,Inyo,0,32,0,1
2020-07-05,Inyo,0,32,0,1
2020-07-06,Inyo,0,32,0,1
2020-07-07,Inyo,0,32,0,1
2020-07-08,Inyo,3,35,0,1
2020-07-09,Inyo,0,35,0,1
2020-07-10,Inyo,0,35,0,1
2020-07-11,Inyo,0,35,0,1
2020-07-12,Inyo,0,35,0,1
2020-07-13,Inyo,0,35,0,1
2020-07-14,Inyo,0,35,0,1
2020-07-15,Inyo,1,36,0,1
2020-07-16,Inyo,2,38,0,1
2020-07-17,Inyo,0,38,0,1
2020-07-18,Inyo,0,38,0,1
2020-07-19,Inyo,0,38,0,1
2020-07-20,Inyo,0,38,0,1
2020-07-21,Inyo,0,38,0,1
2020-07-22,Inyo,0,38,0,1
2020-07-23,Inyo,0,38,0,1
2020-07-24,Inyo,3,41,0,1
2020-07-25,Inyo,2,43,0,1
2020-07-26,Inyo,0,43,0,1
2020-07-27,Inyo,0,43,0,1
2020-07-28,Inyo,0,43,0,1
2020-07-29,Inyo,1,44,0,1
2020-07-30,Inyo,0,44,0,1
2020-07-31,Inyo,1,45,0,1
2020-08-01,Inyo,0,45,0,1
2020-08-02,Inyo,0,45,0,1
2020-08-03,Inyo,12,57,0,1
2020-08-04,Inyo,2,59,0,1
2020-08-05,Inyo,3,62,0,1
2020-08-06,Inyo,21,83,0,1
2020-08-07,Inyo,-2,81,0,1
2020-08-08,Inyo,5,86,0,1
2020-08-09,Inyo,0,86,0,1
2020-08-10,Inyo,11,97,2,3
2020-08-11,Inyo,0,97,0,3
2020-08-12,Inyo,0,97,0,3
2020-08-13,Inyo,0,97,0,3
2020-08-14,Inyo,18,115,0,3
2020-08-15,Inyo,8,123,0,3
2020-08-16,Inyo,2,125,0,3
2020-08-17,Inyo,-1,124,5,8
2020-08-18,Inyo,16,140,0,8
2020-08-19,Inyo,0,140,1,9
2020-08-20,Inyo,4,144,0,9
2020-08-21,Inyo,0,144,2,11
2020-08-22,Inyo,0,144,0,11
2020-08-23,Inyo,0,144,0,11
2020-08-24,Inyo,0,144,0,11
2020-08-25,Inyo,0,144,2,13
2020-08-26,Inyo,13,157,0,13
2020-08-27,Inyo,0,157,0,13
2020-08-28,Inyo,3,160,0,13
2020-08-29,Inyo,0,160,0,13
2020-08-30,Inyo,0,160,0,13
2020-08-31,Inyo,0,160,0,13
2020-09-01,Inyo,11,171,1,14
2020-09-02,Inyo,0,171,0,14
2020-09-03,Inyo,0,171,0,14
2020-09-04,Inyo,-2,169,-1,13
2020-09-05,Inyo,0,169,0,13
2020-09-06,Inyo,0,169,0,13
2020-09-07,Inyo,0,169,0,13
2020-09-08,Inyo,0,169,0,13
2020-09-09,Inyo,4,173,0,13
2020-09-10,Inyo,3,176,1,14
2020-09-11,Inyo,0,176,0,14
2020-09-12,Inyo,1,177,0,14
2020-09-13,Inyo,-1,176,0,14
2020-09-14,Inyo,0,176,0,14
2020-09-15,Inyo,0,176,0,14
2020-09-16,Inyo,0,176,0,14
2020-09-17,Inyo,0,176,0,14
2020-09-18,Inyo,1,177,0,14
2020-09-19,Inyo,0,177,0,14
2020-09-20,Inyo,0,177,0,14
2020-09-21,Inyo,0,177,0,14
2020-09-22,Inyo,0,177,0,14
2020-09-23,Inyo,0,177,1,15
2020-09-24,Inyo,10,187,0,15
2020-09-25,Inyo,0,187,0,15
2020-09-26,Inyo,0,187,0,15
2020-09-27,Inyo,1,188,0,15
2020-09-28,Inyo,0,188,0,15
2020-09-29,Inyo,0,188,0,15
2020-09-30,Inyo,1,189,0,15
2020-10-01,Inyo,2,191,0,15
2020-10-02,Inyo,0,191,0,15
2020-10-03,Inyo,3,194,0,15
2020-10-04,Inyo,1,195,0,15
2020-10-05,Inyo,2,197,0,15
2020-10-06,Inyo,1,198,0,15
2020-10-07,Inyo,1,199,0,15
2020-10-08,Inyo,0,199,0,15
2020-10-09,Inyo,1,200,0,15
2020-10-10,Inyo,1,201,0,15
2020-10-11,Inyo,0,201,0,15
2020-10-12,Inyo,0,201,0,15
2020-10-13,Inyo,6,207,0,15
2020-10-14,Inyo,2,209,0,15
2020-10-15,Inyo,1,210,0,15
2020-10-16,Inyo,2,212,0,15
2020-10-17,Inyo,0,212,0,15
2020-10-18,Inyo,3,215,0,15
2020-10-19,Inyo,3,218,0,15
2020-10-20,Inyo,0,218,0,15
2020-10-21,Inyo,2,220,0,15
2020-10-22,Inyo,0,220,0,15
2020-10-23,Inyo,6,226,0,15
2020-10-24,Inyo,0,226,0,15
2020-10-25,Inyo,0,226,0,15
2020-10-26,Inyo,0,226,0,15
2020-10-27,Inyo,5,231,0,15
2020-10-28,Inyo,7,238,0,15
2020-10-29,Inyo,0,238,0,15
2020-10-30,Inyo,3,241,0,15
2020-10-31,Inyo,0,241,0,15
2020-11-01,Inyo,0,241,0,15
2020-11-02,Inyo,2,243,0,15
2020-11-03,Inyo,1,244,0,15
2020-11-04,Inyo,3,247,0,15
2020-11-05,Inyo,0,247,0,15
2020-11-06,Inyo,-1,246,0,15
2020-11-07,Inyo,6,252,0,15
2020-11-08,Inyo,0,252,0,15
2020-11-09,Inyo,0,252,0,15
2020-11-10,Inyo,0,252,0,15
2020-11-11,Inyo,3,255,0,15
2020-11-12,Inyo,0,255,0,15
2020-11-13,Inyo,7,262,1,16
2020-11-14,Inyo,1,263,0,16
2020-11-15,Inyo,0,263,0,16
2020-11-16,Inyo,0,263,0,16
2020-11-17,Inyo,0,263,0,16
2020-11-18,Inyo,-1,262,0,16
2020-11-19,Inyo,0,262,0,16
2020-11-20,Inyo,0,262,0,16
2020-11-21,Inyo,21,283,0,16
2020-11-22,Inyo,-4,279,0,16
2020-11-23,Inyo,0,279,0,16
2020-11-24,Inyo,3,282,0,16
2020-11-25,Inyo,7,289,0,16
2020-11-26,Inyo,0,289,0,16
2020-11-27,Inyo,0,289,0,16
2020-11-28,Inyo,0,289,0,16
2020-11-29,Inyo,0,289,0,16
2020-11-30,Inyo,15,304,0,16
2020-12-01,Inyo,0,304,0,16
2020-12-02,Inyo,10,314,0,16
2020-12-03,Inyo,7,321,0,16
2020-12-04,Inyo,3,324,0,16
2020-12-05,Inyo,8,332,0,16
2020-12-06,Inyo,1,333,0,16
2020-12-07,Inyo,0,333,0,16
2020-12-08,Inyo,0,333,0,16
2020-12-09,Inyo,23,356,0,16
2020-12-10,Inyo,9,365,1,17
2020-12-11,Inyo,7,372,0,17
2020-12-12,Inyo,8,380,0,17
2020-12-13,Inyo,0,380,0,17
2020-12-14,Inyo,2,382,1,18
2020-12-15,Inyo,12,394,0,18
2020-12-16,Inyo,50,444,1,19
2020-12-17,Inyo,6,450,0,19
2020-12-18,Inyo,4,454,0,19
2020-12-19,Inyo,21,475,0,19
2020-12-20,Inyo,1,476,0,19
2020-12-21,Inyo,6,482,0,19
2020-12-22,Inyo,24,506,1,20
2020-03-18,San Joaquin,14,14,2,2
2020-03-19,San Joaquin,1,15,0,2
2020-03-20,San Joaquin,3,18,0,2
2020-03-21,San Joaquin,8,26,0,2
2020-03-22,San Joaquin,4,30,0,2
2020-03-23,San Joaquin,7,37,0,2
2020-03-24,San Joaquin,15,52,0,2
2020-03-25,San Joaquin,12,64,0,2
2020-03-26,San Joaquin,5,69,1,3
2020-03-27,San Joaquin,4,73,0,3
2020-03-28,San Joaquin,10,83,1,4
2020-03-29,San Joaquin,3,86,0,4
2020-03-30,San Joaquin,26,112,1,5
2020-03-31,San Joaquin,10,122,2,7
2020-04-01,San Joaquin,10,132,1,8
2020-04-02,San Joaquin,16,148,1,9
2020-04-03,San Joaquin,14,162,1,10
2020-04-04,San Joaquin,9,171,0,10
2020-04-05,San Joaquin,8,179,0,10
2020-04-06,San Joaquin,12,191,0,10
2020-04-07,San Joaquin,7,198,2,12
2020-04-08,San Joaquin,13,211,0,12
2020-04-09,San Joaquin,12,223,2,14
2020-04-10,San Joaquin,11,234,0,14
2020-04-11,San Joaquin,10,244,1,15
2020-04-12,San Joaquin,2,246,0,15
2020-04-13,San Joaquin,13,259,2,17
2020-04-14,San Joaquin,21,280,0,17
2020-04-15,San Joaquin,49,329,0,17
2020-04-16,San Joaquin,16,345,0,17
2020-04-17,San Joaquin,11,356,0,17
2020-04-18,San Joaquin,36,392,0,17
2020-04-19,San Joaquin,12,404,0,17
2020-04-20,San Joaquin,18,422,0,17
2020-04-21,San Joaquin,25,447,3,20
2020-04-22,San Joaquin,15,462,0,20
2020-04-23,San Joaquin,17,479,2,22
2020-04-24,San Joaquin,5,484,2,24
2020-04-25,San Joaquin,13,497,1,25
2020-04-26,San Joaquin,17,514,0,25
2020-04-27,San Joaquin,8,522,0,25
2020-04-28,San Joaquin,10,532,0,25
2020-04-29,San Joaquin,8,540,0,25
2020-04-30,San Joaquin,8,548,0,25
2020-05-01,San Joaquin,6,554,0,25
2020-05-02,San Joaquin,5,559,0,25
2020-05-03,San Joaquin,11,570,1,26
2020-05-04,San Joaquin,4,574,0,26
2020-05-05,San Joaquin,3,577,0,26
2020-05-06,San Joaquin,4,581,1,27
2020-05-07,San Joaquin,2,583,1,28
2020-05-08,San Joaquin,12,595,0,28
2020-05-09,San Joaquin,10,605,0,28
2020-05-10,San Joaquin,6,611,1,29
2020-05-11,San Joaquin,9,620,0,29
2020-05-12,San Joaquin,5,625,1,30
2020-05-13,San Joaquin,14,639,1,31
2020-05-14,San Joaquin,4,643,0,31
2020-05-15,San Joaquin,13,656,0,31
2020-05-16,San Joaquin,12,668,1,32
2020-05-17,San Joaquin,20,688,0,32
2020-05-18,San Joaquin,9,697,0,32
2020-05-19,San Joaquin,8,705,1,33
2020-05-20,San Joaquin,8,713,0,33
2020-05-21,San Joaquin,17,730,0,33
2020-05-22,San Joaquin,17,747,0,33
2020-05-23,San Joaquin,12,759,0,33
2020-05-24,San Joaquin,1,760,0,33
2020-05-25,San Joaquin,0,760,0,33
2020-05-26,San Joaquin,0,760,0,33
2020-05-27,San Joaquin,65,825,1,34
2020-05-28,San Joaquin,15,840,1,35
2020-05-29,San Joaquin,15,855,0,35
2020-05-30,San Joaquin,33,888,0,35
2020-05-31,San Joaquin,0,888,0,35
2020-06-01,San Joaquin,69,957,0,35
2020-06-02,San Joaquin,28,985,0,35
2020-06-03,San Joaquin,19,1004,0,35
2020-06-04,San Joaquin,12,1016,1,36
2020-06-05,San Joaquin,30,1046,0,36
2020-06-06,San Joaquin,30,1076,1,37
2020-06-07,San Joaquin,50,1126,0,37
2020-06-08,San Joaquin,72,1198,0,37
2020-06-09,San Joaquin,42,1240,3,40
2020-06-10,San Joaquin,42,1282,1,41
2020-06-11,San Joaquin,69,1351,1,42
2020-06-12,San Joaquin,55,1406,1,43
2020-06-13,San Joaquin,55,1461,0,43
2020-06-14,San Joaquin,142,1603,0,43
2020-06-15,San Joaquin,64,1667,0,43
2020-06-16,San Joaquin,51,1718,4,47
2020-06-17,San Joaquin,107,1825,0,47
2020-06-18,San Joaquin,83,1908,0,47
2020-06-19,San Joaquin,61,1969,1,48
2020-06-20,San Joaquin,77,2046,0,48
2020-06-21,San Joaquin,142,2188,0,48
2020-06-22,San Joaquin,144,2332,0,48
2020-06-23,San Joaquin,170,2502,0,48
2020-06-24,San Joaquin,178,2680,1,49
2020-06-25,San Joaquin,143,2823,0,49
2020-06-26,San Joaquin,158,2981,3,52
2020-06-27,San Joaquin,164,3145,0,52
2020-06-28,San Joaquin,250,3395,0,52
2020-06-29,San Joaquin,211,3606,0,52
2020-06-30,San Joaquin,297,3903,0,52
2020-07-01,San Joaquin,94,3997,2,54
2020-07-02,San Joaquin,246,4243,1,55
2020-07-03,San Joaquin,173,4416,0,55
2020-07-04,San Joaquin,391,4807,0,55
2020-07-05,San Joaquin,208,5015,0,55
2020-07-06,San Joaquin,89,5104,0,55
2020-07-07,San Joaquin,443,5547,3,58
2020-07-08,San Joaquin,212,5759,3,61
2020-07-09,San Joaquin,245,6004,6,67
2020-07-10,San Joaquin,221,6225,1,68
2020-07-11,San Joaquin,293,6518,0,68
2020-07-12,San Joaquin,185,6703,0,68
2020-07-13,San Joaquin,224,6927,2,70
2020-07-14,San Joaquin,216,7143,3,73
2020-07-15,San Joaquin,238,7381,0,73
2020-07-16,San Joaquin,332,7713,8,81
2020-07-17,San Joaquin,212,7925,2,83
2020-07-18,San Joaquin,193,8118,0,83
2020-07-19,San Joaquin,190,8308,0,83
2020-07-20,San Joaquin,275,8583,11,94
2020-07-21,San Joaquin,567,9150,1,95
2020-07-22,San Joaquin,478,9628,3,98
2020-07-23,San Joaquin,233,9861,9,107
2020-07-24,San Joaquin,329,10190,3,110
2020-07-25,San Joaquin,157,10347,0,110
2020-07-26,San Joaquin,290,10637,0,110
2020-07-27,San Joaquin,91,10728,0,110
2020-07-28,San Joaquin,230,10958,23,133
2020-07-29,San Joaquin,291,11249,13,146
2020-07-30,San Joaquin,186,11435,5,151
2020-07-31,San Joaquin,126,11561,17,168
2020-08-01,San Joaquin,246,11807,0,168
2020-08-02,San Joaquin,130,11937,0,168
2020-08-03,San Joaquin,70,12007,12,180
2020-08-04,San Joaquin,80,12087,0,180
2020-08-05,San Joaquin,61,12148,7,187
2020-08-06,San Joaquin,121,12269,5,192
2020-08-07,San Joaquin,123,12392,19,211
2020-08-08,San Joaquin,167,12559,0,211
2020-08-09,San Joaquin,374,12933,0,211
2020-08-10,San Joaquin,375,13308,12,223
2020-08-11,San Joaquin,689,13997,12,235
2020-08-12,San Joaquin,157,14154,4,239
2020-08-13,San Joaquin,383,14537,6,245
2020-08-14,San Joaquin,388,14925,16,261
2020-08-15,San Joaquin,188,15113,0,261
2020-08-16,San Joaquin,175,15288,0,261
2020-08-17,San Joaquin,35,15323,8,269
2020-08-18,San Joaquin,186,15509,11,280
2020-08-19,San Joaquin,168,15677,7,287
2020-08-20,San Joaquin,101,15778,1,288
2020-08-21,San Joaquin,110,15888,6,294
2020-08-22,San Joaquin,180,16068,0,294
2020-08-23,San Joaquin,1,16069,0,294
2020-08-24,San Joaquin,496,16565,3,297
2020-08-25,San Joaquin,230,16795,0,297
2020-08-26,San Joaquin,50,16845,0,297
2020-08-27,San Joaquin,144,16989,8,305
2020-08-28,San Joaquin,125,17114,2,307
2020-08-29,San Joaquin,379,17493,0,307
2020-08-30,San Joaquin,144,17637,0,307
2020-08-31,San Joaquin,170,17807,21,328
2020-09-01,San Joaquin,108,17915,2,330
2020-09-02,San Joaquin,279,18194,14,344
2020-09-03,San Joaquin,137,18331,17,361
2020-09-04,San Joaquin,107,18438,7,368
2020-09-05,San Joaquin,119,18557,0,368
2020-09-06,San Joaquin,1,18558,0,368
2020-09-07,San Joaquin,-6,18552,0,368
2020-09-08,San Joaquin,-2,18550,9,377
2020-09-09,San Joaquin,249,18799,5,382
2020-09-10,San Joaquin,55,18854,1,383
2020-09-11,San Joaquin,165,19019,0,383
2020-09-12,San Joaquin,89,19108,0,383
2020-09-13,San Joaquin,2,19110,0,383
2020-09-14,San Joaquin,1,19111,6,389
2020-09-15,San Joaquin,202,19313,3,392
2020-09-16,San Joaquin,64,19377,7,399
2020-09-17,San Joaquin,62,19439,8,407
2020-09-18,San Joaquin,92,19531,7,414
2020-09-19,San Joaquin,49,19580,0,414
2020-09-20,San Joaquin,-2,19578,0,414
2020-09-21,San Joaquin,1,19579,1,415
2020-09-22,San Joaquin,176,19755,6,421
2020-09-23,San Joaquin,30,19785,13,434
2020-09-24,San Joaquin,66,19851,3,437
2020-09-25,San Joaquin,58,19909,4,441
2020-09-26,San Joaquin,73,19982,0,441
2020-09-27,San Joaquin,-1,19981,0,441
2020-09-28,San Joaquin,1,19982,-1,440
2020-09-29,San Joaquin,112,20094,7,447
2020-09-30,San Joaquin,56,20150,9,456
2020-10-01,San Joaquin,54,20204,10,466
2020-10-02,San Joaquin,31,20235,4,470
2020-10-03,San Joaquin,87,20322,0,470
2020-10-04,San Joaquin,-2,20320,0,470
2020-10-05,San Joaquin,-1,20319,1,471
2020-10-06,San Joaquin,162,20481,1,472
2020-10-07,San Joaquin,46,20527,1,473
2020-10-08,San Joaquin,49,20576,0,473
2020-10-09,San Joaquin,72,20648,0,473
2020-10-10,San Joaquin,52,20700,0,473
2020-10-11,San Joaquin,0,20700,0,473
2020-10-12,San Joaquin,1,20701,0,473
2020-10-13,San Joaquin,121,20822,4,477
2020-10-14,San Joaquin,23,20845,6,483
2020-10-15,San Joaquin,35,20880,0,483
2020-10-16,San Joaquin,30,20910,1,484
2020-10-17,San Joaquin,22,20932,0,484
2020-10-18,San Joaquin,-1,20931,0,484
2020-10-19,San Joaquin,-1,20930,0,484
2020-10-20,San Joaquin,243,21173,0,484
2020-10-21,San Joaquin,28,21201,4,488
2020-10-22,San Joaquin,81,21282,0,488
2020-10-23,San Joaquin,79,21361,1,489
2020-10-24,San Joaquin,97,21458,0,489
2020-10-25,San Joaquin,1,21459,0,489
2020-10-26,San Joaquin,0,21459,0,489
2020-10-27,San Joaquin,178,21637,1,490
2020-10-28,San Joaquin,70,21707,2,492
2020-10-29,San Joaquin,29,21736,0,492
2020-10-30,San Joaquin,113,21849,2,494
2020-10-31,San Joaquin,69,21918,0,494
2020-11-01,San Joaquin,1,21919,0,494
2020-11-02,San Joaquin,0,21919,0,494
2020-11-03,San Joaquin,190,22109,0,494
2020-11-04,San Joaquin,88,22197,0,494
2020-11-05,San Joaquin,121,22318,0,494
2020-11-06,San Joaquin,106,22424,0,494
2020-11-07,San Joaquin,93,22517,0,494
2020-11-08,San Joaquin,-3,22514,0,494
2020-11-09,San Joaquin,-2,22512,3,497
2020-11-10,San Joaquin,353,22865,3,500
2020-11-11,San Joaquin,136,23001,0,500
2020-11-12,San Joaquin,1,23002,0,500
2020-11-13,San Joaquin,312,23314,1,501
2020-11-14,San Joaquin,202,23516,0,501
2020-11-15,San Joaquin,0,23516,0,501
2020-11-16,San Joaquin,-1,23515,0,501
2020-11-17,San Joaquin,482,23997,3,504
2020-11-18,San Joaquin,149,24146,1,505
2020-11-19,San Joaquin,124,24270,-1,504
2020-11-20,San Joaquin,190,24460,-1,503
2020-11-21,San Joaquin,160,24620,0,503
2020-11-22,San Joaquin,-1,24619,0,503
2020-11-23,San Joaquin,3,24622,1,504
2020-11-24,San Joaquin,696,25318,0,504
2020-11-25,San Joaquin,238,25556,-2,502
2020-11-26,San Joaquin,182,25738,0,502
2020-11-27,San Joaquin,3,25741,0,502
2020-11-28,San Joaquin,1,25742,0,502
2020-11-29,San Joaquin,-2,25740,0,502
2020-11-30,San Joaquin,2,25742,7,509
2020-12-01,San Joaquin,690,26432,1,510
2020-12-02,San Joaquin,308,26740,9,519
2020-12-03,San Joaquin,499,27239,3,522
2020-12-04,San Joaquin,567,27806,0,522
2020-12-05,San Joaquin,299,28105,0,522
2020-12-06,San Joaquin,83,28188,0,522
2020-12-07,San Joaquin,0,28188,8,530
2020-12-08,San Joaquin,2037,30225,0,530
2020-12-09,San Joaquin,314,30539,2,532
2020-12-10,San Joaquin,689,31228,3,535
2020-12-11,San Joaquin,816,32044,-1,534
2020-12-12,San Joaquin,156,32200,0,534
2020-12-13,San Joaquin,-30,32170,0,534
2020-12-14,San Joaquin,352,32522,1,535
2020-12-15,San Joaquin,1327,33849,2,537
2020-12-16,San Joaquin,1161,35010,12,549
2020-12-17,San Joaquin,884,35894,7,556
2020-12-18,San Joaquin,590,36484,5,561
2020-12-19,San Joaquin,856,37340,0,561
2020-12-20,San Joaquin,928,38268,0,561
2020-12-21,San Joaquin,543,38811,27,588
2020-12-22,San Joaquin,612,39423,4,592
2020-03-18,Ventura,11,11,0,0
2020-03-19,Ventura,4,15,0,0
2020-03-20,Ventura,3,18,0,0
2020-03-21,Ventura,4,22,0,0
2020-03-22,Ventura,4,26,0,0
2020-03-23,Ventura,4,30,0,0
2020-03-24,Ventura,14,44,1,1
2020-03-25,Ventura,9,53,0,1
2020-03-26,Ventura,17,70,0,1
2020-03-27,Ventura,10,80,1,2
2020-03-28,Ventura,9,89,0,2
2020-03-29,Ventura,3,92,0,2
2020-03-30,Ventura,26,118,0,2
2020-03-31,Ventura,25,143,2,4
2020-04-01,Ventura,11,154,1,5
2020-04-02,Ventura,24,178,0,5
2020-04-03,Ventura,8,186,1,6
2020-04-04,Ventura,8,194,0,6
2020-04-05,Ventura,2,196,0,6
2020-04-06,Ventura,38,234,0,6
2020-04-07,Ventura,13,247,0,6
2020-04-08,Ventura,16,263,1,7
2020-04-09,Ventura,10,273,2,9
2020-04-10,Ventura,17,290,0,9
2020-04-11,Ventura,14,304,0,9
2020-04-12,Ventura,2,306,0,9
2020-04-13,Ventura,5,311,0,9
2020-04-14,Ventura,17,328,1,10
2020-04-15,Ventura,37,365,3,13
2020-04-16,Ventura,19,384,0,13
2020-04-17,Ventura,14,398,0,13
2020-04-18,Ventura,18,416,0,13
2020-04-19,Ventura,2,418,0,13
2020-04-20,Ventura,8,426,0,13
2020-04-21,Ventura,29,455,0,13
2020-04-22,Ventura,10,465,1,14
2020-04-23,Ventura,14,479,2,16
2020-04-24,Ventura,10,489,0,16
2020-04-25,Ventura,5,494,0,16
2020-04-26,Ventura,15,509,1,17
2020-04-27,Ventura,4,513,0,17
2020-04-28,Ventura,4,517,0,17
2020-04-29,Ventura,13,530,1,18
2020-04-30,Ventura,17,547,0,18
2020-05-01,Ventura,9,556,0,18
2020-05-02,Ventura,8,564,1,19
2020-05-03,Ventura,19,583,0,19
2020-05-04,Ventura,7,590,0,19
2020-05-05,Ventura,17,607,0,19
2020-05-06,Ventura,12,619,0,19
2020-05-07,Ventura,28,647,0,19
2020-05-08,Ventura,18,665,0,19
2020-05-09,Ventura,14,679,0,19
2020-05-10,Ventura,11,690,0,19
2020-05-11,Ventura,8,698,0,19
2020-05-12,Ventura,20,718,0,19
2020-05-13,Ventura,24,742,5,24
2020-05-14,Ventura,18,760,1,25
2020-05-15,Ventura,29,789,0,25
2020-05-16,Ventura,24,813,0,25
2020-05-17,Ventura,25,838,0,25
2020-05-18,Ventura,12,850,2,27
2020-05-19,Ventura,11,861,1,28
2020-05-20,Ventura,18,879,0,28
2020-05-21,Ventura,28,907,1,29
2020-05-22,Ventura,30,937,1,30
2020-05-23,Ventura,24,961,0,30
2020-05-24,Ventura,21,982,0,30
2020-05-25,Ventura,38,1020,0,30
2020-05-26,Ventura,13,1033,0,30
2020-05-27,Ventura,32,1065,2,32
2020-05-28,Ventura,18,1083,0,32
2020-05-29,Ventura,10,1093,0,32
2020-05-30,Ventura,23,1116,1,33
2020-05-31,Ventura,35,1151,0,33
2020-06-01,Ventura,12,1163,1,34
2020-06-02,Ventura,15,1178,0,34
2020-06-03,Ventura,24,1202,0,34
2020-06-04,Ventura,34,1236,1,35
2020-06-05,Ventura,38,1274,0,35
2020-06-06,Ventura,29,1303,0,35
2020-06-07,Ventura,34,1337,0,35
2020-06-08,Ventura,45,1382,0,35
2020-06-09,Ventura,25,1407,0,35
2020-06-10,Ventura,39,1446,3,38
2020-06-11,Ventura,45,1491,0,38
2020-06-12,Ventura,43,1534,2,40
2020-06-13,Ventura,33,1567,0,40
2020-06-14,Ventura,43,1610,0,40
2020-06-15,Ventura,46,1656,1,41
2020-06-16,Ventura,20,1676,0,41
2020-06-17,Ventura,53,1729,0,41
2020-06-18,Ventura,52,1781,0,41
2020-06-19,Ventura,84,1865,1,42
2020-06-20,Ventura,81,1946,0,42
2020-06-21,Ventura,75,2021,0,42
2020-06-22,Ventura,44,2065,1,43
2020-06-23,Ventura,144,2209,0,43
2020-06-24,Ventura,105,2314,1,44
2020-06-25,Ventura,46,2360,0,44
2020-06-26,Ventura,107,2467,0,44
2020-06-27,Ventura,94,2561,0,44
2020-06-28,Ventura,186,2747,0,44
2020-06-29,Ventura,255,3002,1,45
2020-06-30,Ventura,154,3156,1,46
2020-07-01,Ventura,74,3230,0,46
2020-07-02,Ventura,164,3394,1,47
2020-07-03,Ventura,142,3536,0,47
2020-07-04,Ventura,151,3687,0,47
2020-07-05,Ventura,179,3866,0,47
2020-07-06,Ventura,46,3912,3,50
2020-07-07,Ventura,80,3992,0,50
2020-07-08,Ventura,147,4139,0,50
2020-07-09,Ventura,139,4278,3,53
2020-07-10,Ventura,138,4416,0,53
2020-07-11,Ventura,129,4545,0,53
2020-07-12,Ventura,179,4724,0,53
2020-07-13,Ventura,76,4800,0,53
2020-07-14,Ventura,150,4950,0,53
2020-07-15,Ventura,137,5087,0,53
2020-07-16,Ventura,144,5231,3,56
2020-07-17,Ventura,220,5451,0,56
2020-07-18,Ventura,179,5630,0,56
2020-07-19,Ventura,76,5706,0,56
2020-07-20,Ventura,206,5912,1,57
2020-07-21,Ventura,219,6131,5,62
2020-07-22,Ventura,92,6223,1,63
2020-07-23,Ventura,80,6303,0,63
2020-07-24,Ventura,250,6553,4,67
2020-07-25,Ventura,109,6662,0,67
2020-07-26,Ventura,182,6844,0,67
2020-07-27,Ventura,154,6998,0,67
2020-07-28,Ventura,47,7045,4,71
2020-07-29,Ventura,116,7161,2,73
2020-07-30,Ventura,143,7304,1,74
2020-07-31,Ventura,217,7521,2,76
2020-08-01,Ventura,298,7819,0,76
2020-08-02,Ventura,195,8014,0,76
2020-08-03,Ventura,70,8084,0,76
2020-08-04,Ventura,50,8134,1,77
2020-08-05,Ventura,28,8162,2,79
2020-08-06,Ventura,83,8245,3,82
2020-08-07,Ventura,111,8356,7,89
2020-08-08,Ventura,106,8462,0,89
2020-08-09,Ventura,171,8633,0,89
2020-08-10,Ventura,218,8851,3,92
2020-08-11,Ventura,102,8953,1,93
2020-08-12,Ventura,52,9005,0,93
2020-08-13,Ventura,109,9114,1,94
2020-08-14,Ventura,199,9313,1,95
2020-08-15,Ventura,66,9379,0,95
2020-08-16,Ventura,29,9408,0,95
2020-08-17,Ventura,82,9490,1,96
2020-08-18,Ventura,46,9536,1,97
2020-08-19,Ventura,51,9587,1,98
2020-08-20,Ventura,157,9744,3,101
2020-08-21,Ventura,121,9865,1,102
2020-08-22,Ventura,94,9959,0,102
2020-08-23,Ventura,167,10126,0,102
2020-08-24,Ventura,135,10261,1,103
2020-08-25,Ventura,52,10313,2,105
2020-08-26,Ventura,99,10412,2,107
2020-08-27,Ventura,71,10483,3,110
2020-08-28,Ventura,123,10606,5,115
2020-08-29,Ventura,99,10705,0,115
2020-08-30,Ventura,70,10775,0,115
2020-08-31,Ventura,91,10866,1,116
2020-09-01,Ventura,33,10899,0,116
2020-09-02,Ventura,132,11031,0,116
2020-09-03,Ventura,78,11109,0,116
2020-09-04,Ventura,62,11171,2,118
2020-09-05,Ventura,83,11254,0,118
2020-09-06,Ventura,61,11315,0,118
2020-09-07,Ventura,148,11463,0,118
2020-09-08,Ventura,12,11475,5,123
2020-09-09,Ventura,22,11497,3,126
2020-09-10,Ventura,103,11600,3,129
2020-09-11,Ventura,100,11700,0,129
2020-09-12,Ventura,59,11759,0,129
2020-09-13,Ventura,96,11855,0,129
2020-09-14,Ventura,48,11903,6,135
2020-09-15,Ventura,29,11932,3,138
2020-09-16,Ventura,141,12073,3,141
2020-09-17,Ventura,94,12167,1,142
2020-09-18,Ventura,69,12236,1,143
2020-09-19,Ventura,92,12328,0,143
2020-09-20,Ventura,78,12406,0,143
2020-09-21,Ventura,71,12477,3,146
2020-09-22,Ventura,30,12507,0,146
2020-09-23,Ventura,84,12591,0,146
2020-09-24,Ventura,26,12617,1,147
2020-09-25,Ventura,47,12664,3,150
2020-09-26,Ventura,65,12729,0,150
2020-09-27,Ventura,46,12775,0,150
2020-09-28,Ventura,37,12812,0,150
2020-09-29,Ventura,63,12875,0,150
2020-09-30,Ventura,93,12968,0,150
2020-10-01,Ventura,89,13057,2,152
2020-10-02,Ventura,63,13120,1,153
2020-10-03,Ventura,30,13150,0,153
2020-10-04,Ventura,47,13197,0,153
2020-10-05,Ventura,27,13224,1,154
2020-10-06,Ventura,18,13242,0,154
2020-10-07,Ventura,91,13333,3,157
2020-10-08,Ventura,66,13399,0,157
2020-10-09,Ventura,70,13469,1,158
2020-10-10,Ventura,51,13520,0,158
2020-10-11,Ventura,84,13604,0,158
2020-10-12,Ventura,13,13617,0,158
2020-10-13,Ventura,28,13645,0,158
2020-10-14,Ventura,52,13697,0,158
2020-10-15,Ventura,53,13750,1,159
2020-10-16,Ventura,55,13805,1,160
2020-10-17,Ventura,40,13845,0,160
2020-10-18,Ventura,56,13901,0,160
2020-10-19,Ventura,29,13930,0,160
2020-10-20,Ventura,50,13980,0,160
2020-10-21,Ventura,70,14050,0,160
2020-10-22,Ventura,74,14124,2,162
2020-10-23,Ventura,68,14192,2,164
2020-10-24,Ventura,48,14240,0,164
2020-10-25,Ventura,60,14300,0,164
2020-10-26,Ventura,30,14330,1,165
2020-10-27,Ventura,17,14347,0,165
2020-10-28,Ventura,62,14409,1,166
2020-10-29,Ventura,77,14486,0,166
2020-10-30,Ventura,92,14578,0,166
2020-10-31,Ventura,57,14635,0,166
2020-11-01,Ventura,51,14686,0,166
2020-11-02,Ventura,81,14767,1,167
2020-11-03,Ventura,49,14816,0,167
2020-11-04,Ventura,120,14936,0,167
2020-11-05,Ventura,177,15113,2,169
2020-11-06,Ventura,109,15222,0,169
2020-11-07,Ventura,131,15353,0,169
2020-11-08,Ventura,151,15504,0,169
2020-11-09,Ventura,64,15568,0,169
2020-11-10,Ventura,57,15625,2,171
2020-11-11,Ventura,176,15801,0,171
2020-11-12,Ventura,212,16013,0,171
2020-11-13,Ventura,159,16172,1,172
2020-11-14,Ventura,125,16297,0,172
2020-11-15,Ventura,267,16564,0,172
2020-11-16,Ventura,127,16691,0,172
2020-11-17,Ventura,106,16797,1,173
2020-11-18,Ventura,372,17169,0,173
2020-11-19,Ventura,131,17300,1,174
2020-11-20,Ventura,441,17741,0,174
2020-11-21,Ventura,299,18040,0,174
2020-11-22,Ventura,65,18105,0,174
2020-11-23,Ventura,375,18480,1,175
2020-11-24,Ventura,157,18637,0,175
2020-11-25,Ventura,277,18914,0,175
2020-11-26,Ventura,144,19058,0,175
2020-11-27,Ventura,321,19379,0,175
2020-11-28,Ventura,131,19510,0,175
2020-11-29,Ventura,442,19952,0,175
2020-11-30,Ventura,356,20308,8,183
2020-12-01,Ventura,296,20604,2,185
2020-12-02,Ventura,604,21208,0,185
2020-12-03,Ventura,347,21555,2,187
2020-12-04,Ventura,469,22024,1,188
2020-12-05,Ventura,686,22710,0,188
2020-12-06,Ventura,325,23035,0,188
2020-12-07,Ventura,319,23354,1,189
2020-12-08,Ventura,311,23665,6,195
2020-12-09,Ventura,165,23830,2,197
2020-12-10,Ventura,245,24075,0,197
2020-12-11,Ventura,924,24999,1,198
2020-12-12,Ventura,956,25955,0,198
2020-12-13,Ventura,633,26588,0,198
2020-12-14,Ventura,848,27436,1,199
2020-12-15,Ventura,500,27936,2,201
2020-12-16,Ventura,630,28566,3,204
2020-12-17,Ventura,838,29404,3,207
2020-12-18,Ventura,503,29907,3,210
2020-12-19,Ventura,936,30843,0,210
2020-12-20,Ventura,492,31335,0,210
2020-12-21,Ventura,424,31759,0,210
2020-12-22,Ventura,729,32488,6,216
2020-03-18,Trinity,0,0,0,0
2020-03-19,Trinity,0,0,0,0
2020-03-20,Trinity,0,0,0,0
2020-03-21,Trinity,0,0,0,0
2020-03-22,Trinity,0,0,0,0
2020-03-23,Trinity,0,0,0,0
2020-03-24,Trinity,0,0,0,0
2020-03-25,Trinity,0,0,0,0
2020-03-26,Trinity,0,0,0,0
2020-03-27,Trinity,0,0,0,0
2020-03-28,Trinity,0,0,0,0
2020-03-29,Trinity,0,0,0,0
2020-03-30,Trinity,0,0,0,0
2020-03-31,Trinity,0,0,0,0
2020-04-01,Trinity,0,0,0,0
2020-04-02,Trinity,0,0,0,0
2020-04-03,Trinity,0,0,0,0
2020-04-04,Trinity,0,0,0,0
2020-04-05,Trinity,0,0,0,0
2020-04-06,Trinity,0,0,0,0
2020-04-07,Trinity,0,0,0,0
2020-04-08,Trinity,0,0,0,0
2020-04-09,Trinity,0,0,0,0
2020-04-10,Trinity,0,0,0,0
2020-04-11,Trinity,0,0,0,0
2020-04-12,Trinity,0,0,0,0
2020-04-13,Trinity,0,0,0,0
2020-04-14,Trinity,0,0,0,0
2020-04-15,Trinity,0,0,0,0
2020-04-16,Trinity,0,0,0,0
2020-04-17,Trinity,0,0,0,0
2020-04-18,Trinity,0,0,0,0
2020-04-19,Trinity,0,0,0,0
2020-04-20,Trinity,0,0,0,0
2020-04-21,Trinity,0,0,0,0
2020-04-22,Trinity,0,0,0,0
2020-04-23,Trinity,0,0,0,0
2020-04-24,Trinity,0,0,0,0
2020-04-25,Trinity,0,0,0,0
2020-04-26,Trinity,0,0,0,0
2020-04-27,Trinity,0,0,0,0
2020-04-28,Trinity,0,0,0,0
2020-04-29,Trinity,0,0,0,0
2020-04-30,Trinity,0,0,0,0
2020-05-01,Trinity,0,0,0,0
2020-05-02,Trinity,0,0,0,0
2020-05-03,Trinity,0,0,0,0
2020-05-04,Trinity,0,0,0,0
2020-05-05,Trinity,0,0,0,0
2020-05-06,Trinity,0,0,0,0
2020-05-07,Trinity,0,0,0,0
2020-05-08,Trinity,0,0,0,0
2020-05-09,Trinity,1,1,0,0
2020-05-10,Trinity,0,1,0,0
2020-05-11,Trinity,0,1,0,0
2020-05-12,Trinity,0,1,0,0
2020-05-13,Trinity,1,2,0,0
2020-05-14,Trinity,-1,1,0,0
2020-05-15,Trinity,0,1,0,0
2020-05-16,Trinity,0,1,0,0
2020-05-17,Trinity,0,1,0,0
2020-05-18,Trinity,0,1,0,0
2020-05-19,Trinity,0,1,0,0
2020-05-20,Trinity,0,1,0,0
2020-05-21,Trinity,0,1,0,0
2020-05-22,Trinity,0,1,0,0
2020-05-23,Trinity,0,1,0,0
2020-05-24,Trinity,0,1,0,0
2020-05-25,Trinity,0,1,0,0
2020-05-26,Trinity,0,1,0,0
2020-05-27,Trinity,0,1,0,0
2020-05-28,Trinity,0,1,0,0
2020-05-29,Trinity,0,1,0,0
2020-05-30,Trinity,0,1,0,0
2020-05-31,Trinity,0,1,0,0
2020-06-01,Trinity,0,1,0,0
2020-06-02,Trinity,0,1,0,0
2020-06-03,Trinity,0,1,0,0
2020-06-04,Trinity,0,1,0,0
2020-06-05,Trinity,0,1,0,0
2020-06-06,Trinity,1,2,0,0
2020-06-07,Trinity,0,2,0,0
2020-06-08,Trinity,0,2,0,0
2020-06-09,Trinity,0,2,0,0
2020-06-10,Trinity,0,2,0,0
2020-06-11,Trinity,0,2,0,0
2020-06-12,Trinity,0,2,0,0
2020-06-13,Trinity,0,2,0,0
2020-06-14,Trinity,0,2,0,0
2020-06-15,Trinity,0,2,0,0
2020-06-16,Trinity,0,2,0,0
2020-06-17,Trinity,0,2,0,0
2020-06-18,Trinity,0,2,0,0
2020-06-19,Trinity,0,2,0,0
2020-06-20,Trinity,0,2,0,0
2020-06-21,Trinity,0,2,0,0
2020-06-22,Trinity,0,2,0,0
2020-06-23,Trinity,0,2,0,0
2020-06-24,Trinity,0,2,0,0
2020-06-25,Trinity,0,2,0,0
2020-06-26,Trinity,0,2,0,0
2020-06-27,Trinity,0,2,0,0
2020-06-28,Trinity,0,2,0,0
2020-06-29,Trinity,0,2,0,0
2020-06-30,Trinity,0,2,0,0
2020-07-01,Trinity,0,2,0,0
2020-07-02,Trinity,0,2,0,0
2020-07-03,Trinity,0,2,0,0
2020-07-04,Trinity,0,2,0,0
2020-07-05,Trinity,0,2,0,0
2020-07-06,Trinity,0,2,0,0
2020-07-07,Trinity,0,2,0,0
2020-07-08,Trinity,0,2,0,0
2020-07-09,Trinity,0,2,0,0
2020-07-10,Trinity,0,2,0,0
2020-07-11,Trinity,0,2,0,0
2020-07-12,Trinity,0,2,0,0
2020-07-13,Trinity,0,2,0,0
2020-07-14,Trinity,0,2,0,0
2020-07-15,Trinity,0,2,0,0
2020-07-16,Trinity,0,2,0,0
2020-07-17,Trinity,0,2,0,0
2020-07-18,Trinity,0,2,0,0
2020-07-19,Trinity,0,2,0,0
2020-07-20,Trinity,0,2,0,0
2020-07-21,Trinity,0,2,0,0
2020-07-22,Trinity,1,3,0,0
2020-07-23,Trinity,0,3,0,0
2020-07-24,Trinity,0,3,0,0
2020-07-25,Trinity,0,3,0,0
2020-07-26,Trinity,0,3,0,0
2020-07-27,Trinity,0,3,0,0
2020-07-28,Trinity,0,3,0,0
2020-07-29,Trinity,1,4,0,0
2020-07-30,Trinity,0,4,0,0
2020-07-31,Trinity,1,5,0,0
2020-08-01,Trinity,0,5,0,0
2020-08-02,Trinity,0,5,0,0
2020-08-03,Trinity,0,5,0,0
2020-08-04,Trinity,0,5,0,0
2020-08-05,Trinity,0,5,0,0
2020-08-06,Trinity,0,5,0,0
2020-08-07,Trinity,0,5,0,0
2020-08-08,Trinity,0,5,0,0
2020-08-09,Trinity,0,5,0,0
2020-08-10,Trinity,0,5,0,0
2020-08-11,Trinity,0,5,0,0
2020-08-12,Trinity,1,6,0,0
2020-08-13,Trinity,0,6,0,0
2020-08-14,Trinity,0,6,0,0
2020-08-15,Trinity,0,6,0,0
2020-08-16,Trinity,2,8,0,0
2020-08-17,Trinity,0,8,0,0
2020-08-18,Trinity,0,8,0,0
2020-08-19,Trinity,0,8,0,0
2020-08-20,Trinity,0,8,0,0
2020-08-21,Trinity,0,8,0,0
2020-08-22,Trinity,0,8,0,0
2020-08-23,Trinity,2,10,0,0
2020-08-24,Trinity,0,10,0,0
2020-08-25,Trinity,0,10,0,0
2020-08-26,Trinity,0,10,0,0
2020-08-27,Trinity,1,11,0,0
2020-08-28,Trinity,0,11,0,0
2020-08-29,Trinity,0,11,0,0
2020-08-30,Trinity,2,13,0,0
2020-08-31,Trinity,0,13,0,0
2020-09-01,Trinity,0,13,0,0
2020-09-02,Trinity,0,13,0,0
2020-09-03,Trinity,0,13,0,0
2020-09-04,Trinity,0,13,0,0
2020-09-05,Trinity,0,13,0,0
2020-09-06,Trinity,0,13,0,0
2020-09-07,Trinity,0,13,0,0
2020-09-08,Trinity,0,13,0,0
2020-09-09,Trinity,1,14,0,0
2020-09-10,Trinity,1,15,0,0
2020-09-11,Trinity,1,16,0,0
2020-09-12,Trinity,-1,15,0,0
2020-09-13,Trinity,-1,14,0,0
2020-09-14,Trinity,0,14,0,0
2020-09-15,Trinity,1,15,0,0
2020-09-16,Trinity,0,15,0,0
2020-09-17,Trinity,0,15,0,0
2020-09-18,Trinity,0,15,0,0
2020-09-19,Trinity,0,15,0,0
2020-09-20,Trinity,0,15,0,0
2020-09-21,Trinity,0,15,0,0
2020-09-22,Trinity,0,15,0,0
2020-09-23,Trinity,0,15,0,0
2020-09-24,Trinity,0,15,0,0
2020-09-25,Trinity,0,15,0,0
2020-09-26,Trinity,1,16,0,0
2020-09-27,Trinity,0,16,0,0
2020-09-28,Trinity,0,16,0,0
2020-09-29,Trinity,0,16,0,0
2020-09-30,Trinity,-1,15,0,0
2020-10-01,Trinity,0,15,0,0
2020-10-02,Trinity,0,15,0,0
2020-10-03,Trinity,0,15,0,0
2020-10-04,Trinity,6,21,0,0
2020-10-05,Trinity,1,22,0,0
2020-10-06,Trinity,3,25,0,0
2020-10-07,Trinity,0,25,0,0
2020-10-08,Trinity,0,25,0,0
2020-10-09,Trinity,0,25,0,0
2020-10-10,Trinity,-6,19,0,0
2020-10-11,Trinity,0,19,0,0
2020-10-12,Trinity,0,19,0,0
2020-10-13,Trinity,0,19,0,0
2020-10-14,Trinity,1,20,0,0
2020-10-15,Trinity,0,20,0,0
2020-10-16,Trinity,0,20,0,0
2020-10-17,Trinity,0,20,0,0
2020-10-18,Trinity,0,20,0,0
2020-10-19,Trinity,3,23,0,0
2020-10-20,Trinity,2,25,0,0
2020-10-21,Trinity,0,25,0,0
2020-10-22,Trinity,1,26,0,0
2020-10-23,Trinity,0,26,0,0
2020-10-24,Trinity,-1,25,0,0
2020-10-25,Trinity,1,26,0,0
2020-10-26,Trinity,0,26,0,0
2020-10-27,Trinity,2,28,0,0
2020-10-28,Trinity,0,28,0,0
2020-10-29,Trinity,0,28,0,0
2020-10-30,Trinity,1,29,0,0
2020-10-31,Trinity,1,30,0,0
2020-11-01,Trinity,0,30,0,0
2020-11-02,Trinity,0,30,0,0
2020-11-03,Trinity,6,36,0,0
2020-11-04,Trinity,1,37,0,0
2020-11-05,Trinity,4,41,0,0
2020-11-06,Trinity,0,41,0,0
2020-11-07,Trinity,1,42,0,0
2020-11-08,Trinity,4,46,0,0
2020-11-09,Trinity,0,46,0,0
2020-11-10,Trinity,16,62,0,0
2020-11-11,Trinity,0,62,0,0
2020-11-12,Trinity,0,62,0,0
2020-11-13,Trinity,2,64,0,0
2020-11-14,Trinity,3,67,0,0
2020-11-15,Trinity,0,67,0,0
2020-11-16,Trinity,0,67,0,0
2020-11-17,Trinity,16,83,0,0
2020-11-18,Trinity,12,95,0,0
2020-11-19,Trinity,2,97,0,0
2020-11-20,Trinity,5,102,0,0
2020-11-21,Trinity,8,110,0,0
2020-11-22,Trinity,4,114,0,0
2020-11-23,Trinity,6,120,0,0
2020-11-24,Trinity,9,129,0,0
2020-11-25,Trinity,6,135,0,0
2020-11-26,Trinity,4,139,0,0
2020-11-27,Trinity,12,151,0,0
2020-11-28,Trinity,6,157,0,0
2020-11-29,Trinity,2,159,0,0
2020-11-30,Trinity,3,162,0,0
2020-12-01,Trinity,3,165,0,0
2020-12-02,Trinity,0,165,0,0
2020-12-03,Trinity,1,166,0,0
2020-12-04,Trinity,6,172,0,0
2020-12-05,Trinity,5,177,0,0
2020-12-06,Trinity,4,181,0,0
2020-12-07,Trinity,13,194,1,1
2020-12-08,Trinity,4,198,0,1
2020-12-09,Trinity,1,199,0,1
2020-12-10,Trinity,3,202,0,1
2020-12-11,Trinity,2,204,0,1
2020-12-12,Trinity,0,204,0,1
2020-12-13,Trinity,0,204,0,1
2020-12-14,Trinity,1,205,0,1
2020-12-15,Trinity,8,213,1,2
2020-12-16,Trinity,-1,212,0,2
2020-12-17,Trinity,1,213,0,2
2020-12-18,Trinity,2,215,0,2
2020-12-19,Trinity,4,219,0,2
2020-12-20,Trinity,2,221,0,2
2020-12-21,Trinity,5,226,0,2
2020-12-22,Trinity,5,231,0,2
2020-03-18,Mariposa,0,0,0,0
2020-03-19,Mariposa,0,0,0,0
2020-03-20,Mariposa,0,0,0,0
2020-03-21,Mariposa,0,0,0,0
2020-03-22,Mariposa,0,0,0,0
2020-03-23,Mariposa,0,0,0,0
2020-03-24,Mariposa,0,0,0,0
2020-03-25,Mariposa,0,0,0,0
2020-03-26,Mariposa,0,0,0,0
2020-03-27,Mariposa,0,0,0,0
2020-03-28,Mariposa,0,0,0,0
2020-03-29,Mariposa,0,0,0,0
2020-03-30,Mariposa,0,0,0,0
2020-03-31,Mariposa,0,0,0,0
2020-04-01,Mariposa,0,0,0,0
2020-04-02,Mariposa,0,0,0,0
2020-04-03,Mariposa,0,0,0,0
2020-04-04,Mariposa,0,0,0,0
2020-04-05,Mariposa,0,0,0,0
2020-04-06,Mariposa,0,0,0,0
2020-04-07,Mariposa,0,0,0,0
2020-04-08,Mariposa,0,0,0,0
2020-04-09,Mariposa,0,0,0,0
2020-04-10,Mariposa,0,0,0,0
2020-04-11,Mariposa,0,0,0,0
2020-04-12,Mariposa,0,0,0,0
2020-04-13,Mariposa,0,0,0,0
2020-04-14,Mariposa,0,0,0,0
2020-04-15,Mariposa,0,0,0,0
2020-04-16,Mariposa,1,1,0,0
2020-04-17,Mariposa,-1,0,0,0
2020-04-18,Mariposa,0,0,0,0
2020-04-19,Mariposa,0,0,0,0
2020-04-20,Mariposa,0,0,0,0
2020-04-21,Mariposa,0,0,0,0
2020-04-22,Mariposa,0,0,0,0
2020-04-23,Mariposa,0,0,0,0
2020-04-24,Mariposa,0,0,0,0
2020-04-25,Mariposa,0,0,0,0
2020-04-26,Mariposa,0,0,0,0
2020-04-27,Mariposa,0,0,0,0
2020-04-28,Mariposa,0,0,0,0
2020-04-29,Mariposa,1,1,0,0
2020-04-30,Mariposa,2,3,0,0
2020-05-01,Mariposa,7,10,0,0
2020-05-02,Mariposa,3,13,0,0
2020-05-03,Mariposa,0,13,0,0
2020-05-04,Mariposa,0,13,0,0
2020-05-05,Mariposa,1,14,0,0
2020-05-06,Mariposa,0,14,0,0
2020-05-07,Mariposa,1,15,0,0
2020-05-08,Mariposa,0,15,0,0
2020-05-09,Mariposa,0,15,0,0
2020-05-10,Mariposa,0,15,0,0
2020-05-11,Mariposa,0,15,0,0
2020-05-12,Mariposa,0,15,0,0
2020-05-13,Mariposa,0,15,0,0
2020-05-14,Mariposa,0,15,0,0
2020-05-15,Mariposa,0,15,0,0
2020-05-16,Mariposa,0,15,1,1
2020-05-17,Mariposa,0,15,0,1
2020-05-18,Mariposa,0,15,0,1
2020-05-19,Mariposa,0,15,0,1
2020-05-20,Mariposa,0,15,0,1
2020-05-21,Mariposa,0,15,0,1
2020-05-22,Mariposa,0,15,0,1
2020-05-23,Mariposa,0,15,0,1
2020-05-24,Mariposa,0,15,0,1
2020-05-25,Mariposa,0,15,0,1
2020-05-26,Mariposa,1,16,0,1
2020-05-27,Mariposa,0,16,0,1
2020-05-28,Mariposa,0,16,0,1
2020-05-29,Mariposa,0,16,0,1
2020-05-30,Mariposa,0,16,0,1
2020-05-31,Mariposa,0,16,0,1
2020-06-01,Mariposa,0,16,0,1
2020-06-02,Mariposa,0,16,0,1
2020-06-03,Mariposa,0,16,0,1
2020-06-04,Mariposa,0,16,0,1
2020-06-05,Mariposa,0,16,0,1
2020-06-06,Mariposa,0,16,0,1
2020-06-07,Mariposa,0,16,0,1
2020-06-08,Mariposa,0,16,0,1
2020-06-09,Mariposa,0,16,0,1
2020-06-10,Mariposa,0,16,0,1
2020-06-11,Mariposa,0,16,0,1
2020-06-12,Mariposa,0,16,0,1
2020-06-13,Mariposa,0,16,0,1
2020-06-14,Mariposa,0,16,0,1
2020-06-15,Mariposa,1,17,0,1
2020-06-16,Mariposa,0,17,0,1
2020-06-17,Mariposa,1,18,0,1
2020-06-18,Mariposa,0,18,0,1
2020-06-19,Mariposa,0,18,0,1
2020-06-20,Mariposa,0,18,0,1
2020-06-21,Mariposa,0,18,0,1
2020-06-22,Mariposa,0,18,0,1
2020-06-23,Mariposa,0,18,0,1
2020-06-24,Mariposa,1,19,0,1
2020-06-25,Mariposa,1,20,0,1
2020-06-26,Mariposa,1,21,0,1
2020-06-27,Mariposa,1,22,0,1
2020-06-28,Mariposa,2,24,0,1
2020-06-29,Mariposa,2,26,0,1
2020-06-30,Mariposa,2,28,0,1
2020-07-01,Mariposa,0,28,0,1
2020-07-02,Mariposa,0,28,0,1
2020-07-03,Mariposa,0,28,0,1
2020-07-04,Mariposa,0,28,0,1
2020-07-05,Mariposa,3,31,0,1
2020-07-06,Mariposa,0,31,0,1
2020-07-07,Mariposa,0,31,0,1
2020-07-08,Mariposa,0,31,0,1
2020-07-09,Mariposa,1,32,0,1
2020-07-10,Mariposa,-1,31,0,1
2020-07-11,Mariposa,0,31,0,1
2020-07-12,Mariposa,0,31,0,1
2020-07-13,Mariposa,0,31,0,1
2020-07-14,Mariposa,1,32,0,1
2020-07-15,Mariposa,2,34,0,1
2020-07-16,Mariposa,0,34,0,1
2020-07-17,Mariposa,1,35,0,1
2020-07-18,Mariposa,0,35,0,1
2020-07-19,Mariposa,0,35,0,1
2020-07-20,Mariposa,1,36,0,1
2020-07-21,Mariposa,1,37,0,1
2020-07-22,Mariposa,1,38,0,1
2020-07-23,Mariposa,2,40,0,1
2020-07-24,Mariposa,1,41,0,1
2020-07-25,Mariposa,2,43,0,1
2020-07-26,Mariposa,0,43,1,2
2020-07-27,Mariposa,0,43,0,2
2020-07-28,Mariposa,2,45,0,2
2020-07-29,Mariposa,2,47,0,2
2020-07-30,Mariposa,2,49,0,2
2020-07-31,Mariposa,0,49,0,2
2020-08-01,Mariposa,1,50,0,2
2020-08-02,Mariposa,2,52,0,2
2020-08-03,Mariposa,0,52,0,2
2020-08-04,Mariposa,-1,51,0,2
2020-08-05,Mariposa,1,52,0,2
2020-08-06,Mariposa,0,52,0,2
2020-08-07,Mariposa,1,53,0,2
2020-08-08,Mariposa,2,55,0,2
2020-08-09,Mariposa,1,56,0,2
2020-08-10,Mariposa,1,57,0,2
2020-08-11,Mariposa,3,60,0,2
2020-08-12,Mariposa,1,61,0,2
2020-08-13,Mariposa,0,61,0,2
2020-08-14,Mariposa,0,61,0,2
2020-08-15,Mariposa,0,61,0,2
2020-08-16,Mariposa,0,61,0,2
2020-08-17,Mariposa,0,61,0,2
2020-08-18,Mariposa,0,61,0,2
2020-08-19,Mariposa,3,64,0,2
2020-08-20,Mariposa,3,67,0,2
2020-08-21,Mariposa,-1,66,0,2
2020-08-22,Mariposa,0,66,0,2
2020-08-23,Mariposa,0,66,0,2
2020-08-24,Mariposa,0,66,0,2
2020-08-25,Mariposa,1,67,0,2
2020-08-26,Mariposa,1,68,0,2
2020-08-27,Mariposa,-1,67,0,2
2020-08-28,Mariposa,0,67,0,2
2020-08-29,Mariposa,2,69,0,2
2020-08-30,Mariposa,0,69,0,2
2020-08-31,Mariposa,0,69,0,2
2020-09-01,Mariposa,3,72,0,2
2020-09-02,Mariposa,-1,71,0,2
2020-09-03,Mariposa,0,71,0,2
2020-09-04,Mariposa,1,72,0,2
2020-09-05,Mariposa,0,72,0,2
2020-09-06,Mariposa,0,72,0,2
2020-09-07,Mariposa,0,72,0,2
2020-09-08,Mariposa,0,72,0,2
2020-09-09,Mariposa,0,72,0,2
2020-09-10,Mariposa,0,72,0,2
2020-09-11,Mariposa,0,72,0,2
2020-09-12,Mariposa,0,72,0,2
2020-09-13,Mariposa,2,74,0,2
2020-09-14,Mariposa,0,74,0,2
2020-09-15,Mariposa,0,74,0,2
2020-09-16,Mariposa,0,74,0,2
2020-09-17,Mariposa,0,74,0,2
2020-09-18,Mariposa,0,74,0,2
2020-09-19,Mariposa,0,74,0,2
2020-09-20,Mariposa,0,74,0,2
2020-09-21,Mariposa,0,74,0,2
2020-09-22,Mariposa,0,74,0,2
2020-09-23,Mariposa,0,74,0,2
2020-09-24,Mariposa,0,74,0,2
2020-09-25,Mariposa,0,74,0,2
2020-09-26,Mariposa,0,74,0,2
2020-09-27,Mariposa,0,74,0,2
2020-09-28,Mariposa,0,74,0,2
2020-09-29,Mariposa,0,74,0,2
2020-09-30,Mariposa,2,76,0,2
2020-10-01,Mariposa,0,76,0,2
2020-10-02,Mariposa,-1,75,0,2
2020-10-03,Mariposa,0,75,0,2
2020-10-04,Mariposa,0,75,0,2
2020-10-05,Mariposa,0,75,0,2
2020-10-06,Mariposa,0,75,0,2
2020-10-07,Mariposa,0,75,0,2
2020-10-08,Mariposa,1,76,0,2
2020-10-09,Mariposa,0,76,0,2
2020-10-10,Mariposa,0,76,0,2
2020-10-11,Mariposa,0,76,0,2
2020-10-12,Mariposa,0,76,0,2
2020-10-13,Mariposa,0,76,0,2
2020-10-14,Mariposa,0,76,0,2
2020-10-15,Mariposa,0,76,0,2
2020-10-16,Mariposa,0,76,0,2
2020-10-17,Mariposa,1,77,0,2
2020-10-18,Mariposa,0,77,0,2
2020-10-19,Mariposa,0,77,0,2
2020-10-20,Mariposa,0,77,0,2
2020-10-21,Mariposa,0,77,0,2
2020-10-22,Mariposa,0,77,0,2
2020-10-23,Mariposa,0,77,0,2
2020-10-24,Mariposa,0,77,0,2
2020-10-25,Mariposa,0,77,0,2
2020-10-26,Mariposa,0,77,0,2
2020-10-27,Mariposa,1,78,0,2
2020-10-28,Mariposa,0,78,0,2
2020-10-29,Mariposa,0,78,0,2
2020-10-30,Mariposa,0,78,0,2
2020-10-31,Mariposa,1,79,0,2
2020-11-01,Mariposa,0,79,0,2
2020-11-02,Mariposa,0,79,0,2
2020-11-03,Mariposa,0,79,0,2
2020-11-04,Mariposa,0,79,0,2
2020-11-05,Mariposa,0,79,0,2
2020-11-06,Mariposa,0,79,0,2
2020-11-07,Mariposa,0,79,0,2
2020-11-08,Mariposa,4,83,0,2
2020-11-09,Mariposa,1,84,0,2
2020-11-10,Mariposa,0,84,0,2
2020-11-11,Mariposa,0,84,0,2
2020-11-12,Mariposa,0,84,0,2
2020-11-13,Mariposa,2,86,0,2
2020-11-14,Mariposa,0,86,0,2
2020-11-15,Mariposa,0,86,0,2
2020-11-16,Mariposa,0,86,0,2
2020-11-17,Mariposa,1,87,0,2
2020-11-18,Mariposa,1,88,0,2
2020-11-19,Mariposa,0,88,0,2
2020-11-20,Mariposa,1,89,0,2
2020-11-21,Mariposa,3,92,0,2
2020-11-22,Mariposa,3,95,0,2
2020-11-23,Mariposa,2,97,0,2
2020-11-24,Mariposa,17,114,0,2
2020-11-25,Mariposa,0,114,0,2
2020-11-26,Mariposa,2,116,0,2
2020-11-27,Mariposa,2,118,0,2
2020-11-28,Mariposa,2,120,0,2
2020-11-29,Mariposa,3,123,0,2
2020-11-30,Mariposa,0,123,0,2
2020-12-01,Mariposa,5,128,1,3
2020-12-02,Mariposa,3,131,0,3
2020-12-03,Mariposa,1,132,0,3
2020-12-04,Mariposa,4,136,0,3
2020-12-05,Mariposa,7,143,0,3
2020-12-06,Mariposa,1,144,0,3
2020-12-07,Mariposa,2,146,0,3
2020-12-08,Mariposa,4,150,1,4
2020-12-09,Mariposa,4,154,0,4
2020-12-10,Mariposa,6,160,0,4
2020-12-11,Mariposa,4,164,0,4
2020-12-12,Mariposa,0,164,0,4
2020-12-13,Mariposa,3,167,0,4
2020-12-14,Mariposa,4,171,0,4
2020-12-15,Mariposa,0,171,0,4
2020-12-16,Mariposa,4,175,0,4
2020-12-17,Mariposa,-3,172,0,4
2020-12-18,Mariposa,4,176,0,4
2020-12-19,Mariposa,1,177,0,4
2020-12-20,Mariposa,2,179,0,4
2020-12-21,Mariposa,7,186,0,4
2020-12-22,Mariposa,8,194,0,4
2020-03-18,El Dorado,0,0,0,0
2020-03-19,El Dorado,0,0,0,0
2020-03-20,El Dorado,1,1,0,0
2020-03-21,El Dorado,0,1,0,0
2020-03-22,El Dorado,0,1,0,0
2020-03-23,El Dorado,2,3,0,0
2020-03-24,El Dorado,0,3,0,0
2020-03-25,El Dorado,2,5,0,0
2020-03-26,El Dorado,2,7,0,0
2020-03-27,El Dorado,2,9,0,0
2020-03-28,El Dorado,0,9,0,0
2020-03-29,El Dorado,0,9,0,0
2020-03-30,El Dorado,2,11,0,0
2020-03-31,El Dorado,3,14,0,0
2020-04-01,El Dorado,0,14,0,0
2020-04-02,El Dorado,2,16,0,0
2020-04-03,El Dorado,0,16,0,0
2020-04-04,El Dorado,3,19,0,0
2020-04-05,El Dorado,0,19,0,0
2020-04-06,El Dorado,4,23,0,0
2020-04-07,El Dorado,-1,22,0,0
2020-04-08,El Dorado,3,25,0,0
2020-04-09,El Dorado,0,25,0,0
2020-04-10,El Dorado,1,26,0,0
2020-04-11,El Dorado,3,29,0,0
2020-04-12,El Dorado,-1,28,0,0
2020-04-13,El Dorado,2,30,0,0
2020-04-14,El Dorado,0,30,0,0
2020-04-15,El Dorado,3,33,0,0
2020-04-16,El Dorado,1,34,0,0
2020-04-17,El Dorado,1,35,0,0
2020-04-18,El Dorado,1,36,0,0
2020-04-19,El Dorado,0,36,0,0
2020-04-20,El Dorado,0,36,0,0
2020-04-21,El Dorado,0,36,0,0
2020-04-22,El Dorado,3,39,0,0
2020-04-23,El Dorado,0,39,0,0
2020-04-24,El Dorado,2,41,0,0
2020-04-25,El Dorado,0,41,0,0
2020-04-26,El Dorado,0,41,0,0
2020-04-27,El Dorado,2,43,0,0
2020-04-28,El Dorado,0,43,0,0
2020-04-29,El Dorado,1,44,0,0
2020-04-30,El Dorado,0,44,0,0
2020-05-01,El Dorado,3,47,0,0
2020-05-02,El Dorado,0,47,0,0
2020-05-03,El Dorado,2,49,0,0
2020-05-04,El Dorado,2,51,0,0
2020-05-05,El Dorado,3,54,0,0
2020-05-06,El Dorado,-1,53,0,0
2020-05-07,El Dorado,1,54,0,0
2020-05-08,El Dorado,0,54,0,0
2020-05-09,El Dorado,0,54,0,0
2020-05-10,El Dorado,1,55,0,0
2020-05-11,El Dorado,0,55,0,0
2020-05-12,El Dorado,1,56,0,0
2020-05-13,El Dorado,2,58,0,0
2020-05-14,El Dorado,1,59,0,0
2020-05-15,El Dorado,5,64,0,0
2020-05-16,El Dorado,1,65,0,0
2020-05-17,El Dorado,0,65,0,0
2020-05-18,El Dorado,2,67,0,0
2020-05-19,El Dorado,0,67,0,0
2020-05-20,El Dorado,0,67,0,0
2020-05-21,El Dorado,0,67,0,0
2020-05-22,El Dorado,7,74,0,0
2020-05-23,El Dorado,0,74,0,0
2020-05-24,El Dorado,2,76,0,0
2020-05-25,El Dorado,2,78,0,0
2020-05-26,El Dorado,1,79,0,0
2020-05-27,El Dorado,3,82,0,0
2020-05-28,El Dorado,0,82,0,0
2020-05-29,El Dorado,3,85,0,0
2020-05-30,El Dorado,1,86,0,0
2020-05-31,El Dorado,2,88,0,0
2020-06-01,El Dorado,0,88,0,0
2020-06-02,El Dorado,0,88,0,0
2020-06-03,El Dorado,2,90,0,0
2020-06-04,El Dorado,11,101,0,0
2020-06-05,El Dorado,0,101,0,0
2020-06-06,El Dorado,3,104,0,0
2020-06-07,El Dorado,0,104,0,0
2020-06-08,El Dorado,3,107,0,0
2020-06-09,El Dorado,1,108,0,0
2020-06-10,El Dorado,1,109,0,0
2020-06-11,El Dorado,0,109,0,0
2020-06-12,El Dorado,1,110,0,0
2020-06-13,El Dorado,0,110,0,0
2020-06-14,El Dorado,0,110,0,0
2020-06-15,El Dorado,4,114,0,0
2020-06-16,El Dorado,1,115,0,0
2020-06-17,El Dorado,1,116,0,0
2020-06-18,El Dorado,5,121,0,0
2020-06-19,El Dorado,3,124,0,0
2020-06-20,El Dorado,6,130,0,0
2020-06-21,El Dorado,2,132,0,0
2020-06-22,El Dorado,5,137,0,0
2020-06-23,El Dorado,5,142,0,0
2020-06-24,El Dorado,7,149,0,0
2020-06-25,El Dorado,1,150,0,0
2020-06-26,El Dorado,10,160,0,0
2020-06-27,El Dorado,1,161,0,0
2020-06-28,El Dorado,6,167,0,0
2020-06-29,El Dorado,6,173,0,0
2020-06-30,El Dorado,7,180,0,0
2020-07-01,El Dorado,6,186,0,0
2020-07-02,El Dorado,7,193,0,0
2020-07-03,El Dorado,8,201,0,0
2020-07-04,El Dorado,10,211,0,0
2020-07-05,El Dorado,16,227,0,0
2020-07-06,El Dorado,5,232,0,0
2020-07-07,El Dorado,12,244,0,0
2020-07-08,El Dorado,4,248,0,0
2020-07-09,El Dorado,7,255,0,0
2020-07-10,El Dorado,11,266,0,0
2020-07-11,El Dorado,17,283,0,0
2020-07-12,El Dorado,7,290,0,0
2020-07-13,El Dorado,8,298,0,0
2020-07-14,El Dorado,26,324,0,0
2020-07-15,El Dorado,15,339,0,0
2020-07-16,El Dorado,18,357,0,0
2020-07-17,El Dorado,11,368,0,0
2020-07-18,El Dorado,17,385,0,0
2020-07-19,El Dorado,0,385,0,0
2020-07-20,El Dorado,22,407,0,0
2020-07-21,El Dorado,33,440,0,0
2020-07-22,El Dorado,26,466,0,0
2020-07-23,El Dorado,25,491,1,1
2020-07-24,El Dorado,25,516,0,1
2020-07-25,El Dorado,12,528,0,1
2020-07-26,El Dorado,11,539,0,1
2020-07-27,El Dorado,9,548,0,1
2020-07-28,El Dorado,10,558,0,1
2020-07-29,El Dorado,30,588,0,1
2020-07-30,El Dorado,20,608,0,1
2020-07-31,El Dorado,8,616,0,1
2020-08-01,El Dorado,21,637,0,1
2020-08-02,El Dorado,6,643,0,1
2020-08-03,El Dorado,2,645,0,1
2020-08-04,El Dorado,23,668,0,1
2020-08-05,El Dorado,24,692,0,1
2020-08-06,El Dorado,11,703,0,1
2020-08-07,El Dorado,21,724,0,1
2020-08-08,El Dorado,10,734,0,1
2020-08-09,El Dorado,14,748,0,1
2020-08-10,El Dorado,23,771,1,2
2020-08-11,El Dorado,15,786,0,2
2020-08-12,El Dorado,8,794,0,2
2020-08-13,El Dorado,9,803,0,2
2020-08-14,El Dorado,24,827,0,2
2020-08-15,El Dorado,11,838,0,2
2020-08-16,El Dorado,5,843,0,2
2020-08-17,El Dorado,3,846,0,2
2020-08-18,El Dorado,20,866,0,2
2020-08-19,El Dorado,4,870,0,2
2020-08-20,El Dorado,11,881,0,2
2020-08-21,El Dorado,4,885,0,2
2020-08-22,El Dorado,15,900,0,2
2020-08-23,El Dorado,1,901,0,2
2020-08-24,El Dorado,7,908,0,2
2020-08-25,El Dorado,20,928,0,2
2020-08-26,El Dorado,10,938,0,2
2020-08-27,El Dorado,4,942,0,2
2020-08-28,El Dorado,7,949,0,2
2020-08-29,El Dorado,9,958,0,2
2020-08-30,El Dorado,4,962,0,2
2020-08-31,El Dorado,3,965,0,2
2020-09-01,El Dorado,7,972,0,2
2020-09-02,El Dorado,3,975,0,2
2020-09-03,El Dorado,8,983,0,2
2020-09-04,El Dorado,9,992,0,2
2020-09-05,El Dorado,15,1007,0,2
2020-09-06,El Dorado,1,1008,0,2
2020-09-07,El Dorado,3,1011,0,2
2020-09-08,El Dorado,0,1011,0,2
2020-09-09,El Dorado,9,1020,0,2
2020-09-10,El Dorado,0,1020,0,2
2020-09-11,El Dorado,4,1024,0,2
2020-09-12,El Dorado,10,1034,0,2
2020-09-13,El Dorado,1,1035,0,2
2020-09-14,El Dorado,4,1039,1,3
2020-09-15,El Dorado,7,1046,1,4
2020-09-16,El Dorado,3,1049,0,4
2020-09-17,El Dorado,8,1057,0,4
2020-09-18,El Dorado,6,1063,0,4
2020-09-19,El Dorado,5,1068,0,4
2020-09-20,El Dorado,5,1073,0,4
2020-09-21,El Dorado,1,1074,0,4
2020-09-22,El Dorado,2,1076,0,4
2020-09-23,El Dorado,12,1088,0,4
2020-09-24,El Dorado,5,1093,0,4
2020-09-25,El Dorado,11,1104,0,4
2020-09-26,El Dorado,23,1127,0,4
2020-09-27,El Dorado,3,1130,0,4
2020-09-28,El Dorado,14,1144,0,4
2020-09-29,El Dorado,7,1151,0,4
2020-09-30,El Dorado,6,1157,0,4
2020-10-01,El Dorado,5,1162,0,4
2020-10-02,El Dorado,6,1168,0,4
2020-10-03,El Dorado,20,1188,0,4
2020-10-04,El Dorado,8,1196,0,4
2020-10-05,El Dorado,6,1202,0,4
2020-10-06,El Dorado,9,1211,0,4
2020-10-07,El Dorado,8,1219,0,4
2020-10-08,El Dorado,11,1230,0,4
2020-10-09,El Dorado,4,1234,0,4
2020-10-10,El Dorado,6,1240,0,4
2020-10-11,El Dorado,2,1242,0,4
2020-10-12,El Dorado,12,1254,0,4
2020-10-13,El Dorado,8,1262,0,4
2020-10-14,El Dorado,2,1264,0,4
2020-10-15,El Dorado,1,1265,0,4
2020-10-16,El Dorado,8,1273,0,4
2020-10-17,El Dorado,4,1277,0,4
2020-10-18,El Dorado,6,1283,0,4
2020-10-19,El Dorado,4,1287,0,4
2020-10-20,El Dorado,8,1295,0,4
2020-10-21,El Dorado,10,1305,0,4
2020-10-22,El Dorado,3,1308,0,4
2020-10-23,El Dorado,2,1310,0,4
2020-10-24,El Dorado,7,1317,0,4
2020-10-25,El Dorado,11,1328,0,4
2020-10-26,El Dorado,8,1336,0,4
2020-10-27,El Dorado,15,1351,0,4
2020-10-28,El Dorado,12,1363,0,4
2020-10-29,El Dorado,7,1370,0,4
2020-10-30,El Dorado,16,1386,0,4
2020-10-31,El Dorado,4,1390,0,4
2020-11-01,El Dorado,4,1394,0,4
2020-11-02,El Dorado,11,1405,0,4
2020-11-03,El Dorado,40,1445,0,4
2020-11-04,El Dorado,3,1448,0,4
2020-11-05,El Dorado,18,1466,0,4
2020-11-06,El Dorado,9,1475,0,4
2020-11-07,El Dorado,20,1495,0,4
2020-11-08,El Dorado,7,1502,0,4
2020-11-09,El Dorado,13,1515,0,4
2020-11-10,El Dorado,36,1551,0,4
2020-11-11,El Dorado,13,1564,0,4
2020-11-12,El Dorado,9,1573,0,4
2020-11-13,El Dorado,38,1611,0,4
2020-11-14,El Dorado,37,1648,0,4
2020-11-15,El Dorado,35,1683,0,4
2020-11-16,El Dorado,11,1694,0,4
2020-11-17,El Dorado,64,1758,0,4
2020-11-18,El Dorado,41,1799,0,4
2020-11-19,El Dorado,26,1825,0,4
2020-11-20,El Dorado,43,1868,0,4
2020-11-21,El Dorado,32,1900,0,4
2020-11-22,El Dorado,17,1917,0,4
2020-11-23,El Dorado,88,2005,0,4
2020-11-24,El Dorado,0,2005,0,4
2020-11-25,El Dorado,149,2154,0,4
2020-11-26,El Dorado,63,2217,0,4
2020-11-27,El Dorado,21,2238,0,4
2020-11-28,El Dorado,177,2415,0,4
2020-11-29,El Dorado,32,2447,0,4
2020-11-30,El Dorado,41,2488,0,4
2020-12-01,El Dorado,54,2542,0,4
2020-12-02,El Dorado,96,2638,0,4
2020-12-03,El Dorado,102,2740,1,5
2020-12-04,El Dorado,193,2933,0,5
2020-12-05,El Dorado,128,3061,3,8
2020-12-06,El Dorado,25,3086,0,8
2020-12-07,El Dorado,189,3275,0,8
2020-12-08,El Dorado,21,3296,0,8
2020-12-09,El Dorado,153,3449,0,8
2020-12-10,El Dorado,108,3557,0,8
2020-12-11,El Dorado,112,3669,0,8
2020-12-12,El Dorado,37,3706,0,8
2020-12-13,El Dorado,64,3770,0,8
2020-12-14,El Dorado,248,4018,0,8
2020-12-15,El Dorado,95,4113,0,8
2020-12-16,El Dorado,124,4237,0,8
2020-12-17,El Dorado,90,4327,0,8
2020-12-18,El Dorado,167,4494,0,8
2020-12-19,El Dorado,94,4588,0,8
2020-12-20,El Dorado,109,4697,0,8
2020-12-21,El Dorado,108,4805,2,10
2020-12-22,El Dorado,80,4885,2,12
2020-03-18,Sonoma,6,6,0,0
2020-03-19,Sonoma,2,8,0,0
2020-03-20,Sonoma,-1,7,0,0
2020-03-21,Sonoma,8,15,1,1
2020-03-22,Sonoma,3,18,0,1
2020-03-23,Sonoma,1,19,0,1
2020-03-24,Sonoma,8,27,0,1
2020-03-25,Sonoma,4,31,0,1
2020-03-26,Sonoma,2,33,0,1
2020-03-27,Sonoma,2,35,0,1
2020-03-28,Sonoma,0,35,0,1
2020-03-29,Sonoma,0,35,0,1
2020-03-30,Sonoma,22,57,0,1
2020-03-31,Sonoma,1,58,0,1
2020-04-01,Sonoma,2,60,0,1
2020-04-02,Sonoma,16,76,0,1
2020-04-03,Sonoma,8,84,0,1
2020-04-04,Sonoma,4,88,0,1
2020-04-05,Sonoma,0,88,0,1
2020-04-06,Sonoma,14,102,0,1
2020-04-07,Sonoma,0,102,0,1
2020-04-08,Sonoma,5,107,0,1
2020-04-09,Sonoma,6,113,0,1
2020-04-10,Sonoma,16,129,1,2
2020-04-11,Sonoma,2,131,0,2
2020-04-12,Sonoma,0,131,0,2
2020-04-13,Sonoma,2,133,0,2
2020-04-14,Sonoma,0,133,0,2
2020-04-15,Sonoma,7,140,0,2
2020-04-16,Sonoma,5,145,0,2
2020-04-17,Sonoma,22,167,0,2
2020-04-18,Sonoma,1,168,0,2
2020-04-19,Sonoma,4,172,0,2
2020-04-20,Sonoma,6,178,0,2
2020-04-21,Sonoma,4,182,0,2
2020-04-22,Sonoma,3,185,0,2
2020-04-23,Sonoma,2,187,0,2
2020-04-24,Sonoma,12,199,0,2
2020-04-25,Sonoma,0,199,0,2
2020-04-26,Sonoma,17,216,0,2
2020-04-27,Sonoma,4,220,0,2
2020-04-28,Sonoma,6,226,0,2
2020-04-29,Sonoma,4,230,0,2
2020-04-30,Sonoma,3,233,1,3
2020-05-01,Sonoma,9,242,0,3
2020-05-02,Sonoma,8,250,0,3
2020-05-03,Sonoma,4,254,1,4
2020-05-04,Sonoma,2,256,0,4
2020-05-05,Sonoma,7,263,0,4
2020-05-06,Sonoma,6,269,0,4
2020-05-07,Sonoma,13,282,0,4
2020-05-08,Sonoma,3,285,0,4
2020-05-09,Sonoma,3,288,0,4
2020-05-10,Sonoma,2,290,0,4
2020-05-11,Sonoma,13,303,1,5
2020-05-12,Sonoma,5,308,-1,4
2020-05-13,Sonoma,22,330,0,4
2020-05-14,Sonoma,3,333,0,4
2020-05-15,Sonoma,16,349,0,4
2020-05-16,Sonoma,7,356,0,4
2020-05-17,Sonoma,20,376,0,4
2020-05-18,Sonoma,11,387,0,4
2020-05-19,Sonoma,2,389,0,4
2020-05-20,Sonoma,22,411,0,4
2020-05-21,Sonoma,16,427,0,4
2020-05-22,Sonoma,17,444,0,4
2020-05-23,Sonoma,18,462,0,4
2020-05-24,Sonoma,23,485,0,4
2020-05-25,Sonoma,11,496,0,4
2020-05-26,Sonoma,13,509,0,4
2020-05-27,Sonoma,12,521,0,4
2020-05-28,Sonoma,8,529,0,4
2020-05-29,Sonoma,8,537,0,4
2020-05-30,Sonoma,14,551,0,4
2020-05-31,Sonoma,4,555,0,4
2020-06-01,Sonoma,10,565,0,4
2020-06-02,Sonoma,6,571,0,4
2020-06-03,Sonoma,7,578,0,4
2020-06-04,Sonoma,13,591,0,4
2020-06-05,Sonoma,27,618,0,4
2020-06-06,Sonoma,4,622,0,4
2020-06-07,Sonoma,17,639,0,4
2020-06-08,Sonoma,15,654,0,4
2020-06-09,Sonoma,7,661,0,4
2020-06-10,Sonoma,12,673,0,4
2020-06-11,Sonoma,9,682,0,4
2020-06-12,Sonoma,14,696,0,4
2020-06-13,Sonoma,15,711,0,4
2020-06-14,Sonoma,13,724,0,4
2020-06-15,Sonoma,2,726,0,4
2020-06-16,Sonoma,13,739,0,4
2020-06-17,Sonoma,9,748,0,4
2020-06-18,Sonoma,41,789,0,4
2020-06-19,Sonoma,14,803,0,4
2020-06-20,Sonoma,3,806,0,4
2020-06-21,Sonoma,30,836,0,4
2020-06-22,Sonoma,24,860,1,5
2020-06-23,Sonoma,52,912,0,5
2020-06-24,Sonoma,21,933,0,5
2020-06-25,Sonoma,23,956,0,5
2020-06-26,Sonoma,25,981,0,5
2020-06-27,Sonoma,28,1009,0,5
2020-06-28,Sonoma,89,1098,0,5
2020-06-29,Sonoma,37,1135,0,5
2020-06-30,Sonoma,24,1159,2,7
2020-07-01,Sonoma,33,1192,0,7
2020-07-02,Sonoma,52,1244,2,9
2020-07-03,Sonoma,38,1282,1,10
2020-07-04,Sonoma,88,1370,1,11
2020-07-05,Sonoma,-1,1369,0,11
2020-07-06,Sonoma,0,1369,0,11
2020-07-07,Sonoma,104,1473,1,12
2020-07-08,Sonoma,22,1495,2,14
2020-07-09,Sonoma,89,1584,0,14
2020-07-10,Sonoma,22,1606,0,14
2020-07-11,Sonoma,84,1690,0,14
2020-07-12,Sonoma,53,1743,2,16
2020-07-13,Sonoma,75,1818,0,16
2020-07-14,Sonoma,48,1866,0,16
2020-07-15,Sonoma,54,1920,0,16
2020-07-16,Sonoma,34,1954,0,16
2020-07-17,Sonoma,28,1982,3,19
2020-07-18,Sonoma,37,2019,0,19
2020-07-19,Sonoma,55,2074,0,19
2020-07-20,Sonoma,74,2148,1,20
2020-07-21,Sonoma,52,2200,0,20
2020-07-22,Sonoma,55,2255,2,22
2020-07-23,Sonoma,34,2289,0,22
2020-07-24,Sonoma,56,2345,2,24
2020-07-25,Sonoma,67,2412,0,24
2020-07-26,Sonoma,91,2503,0,24
2020-07-27,Sonoma,1,2504,0,24
2020-07-28,Sonoma,49,2553,0,24
2020-07-29,Sonoma,45,2598,7,31
2020-07-30,Sonoma,86,2684,0,31
2020-07-31,Sonoma,61,2745,1,32
2020-08-01,Sonoma,145,2890,5,37
2020-08-02,Sonoma,115,3005,0,37
2020-08-03,Sonoma,74,3079,2,39
2020-08-04,Sonoma,29,3108,0,39
2020-08-05,Sonoma,65,3173,3,42
2020-08-06,Sonoma,86,3259,0,42
2020-08-07,Sonoma,70,3329,2,44
2020-08-08,Sonoma,70,3399,3,47
2020-08-09,Sonoma,132,3531,0,47
2020-08-10,Sonoma,109,3640,0,47
2020-08-11,Sonoma,112,3752,3,50
2020-08-12,Sonoma,95,3847,1,51
2020-08-13,Sonoma,55,3902,0,51
2020-08-14,Sonoma,185,4087,0,51
2020-08-15,Sonoma,47,4134,0,51
2020-08-16,Sonoma,195,4329,3,54
2020-08-17,Sonoma,73,4402,3,57
2020-08-18,Sonoma,104,4506,0,57
2020-08-19,Sonoma,108,4614,8,65
2020-08-20,Sonoma,123,4737,0,65
2020-08-21,Sonoma,79,4816,5,70
2020-08-22,Sonoma,75,4891,0,70
2020-08-23,Sonoma,127,5018,2,72
2020-08-24,Sonoma,53,5071,0,72
2020-08-25,Sonoma,77,5148,1,73
2020-08-26,Sonoma,135,5283,2,75
2020-08-27,Sonoma,74,5357,0,75
2020-08-28,Sonoma,68,5425,3,78
2020-08-29,Sonoma,112,5537,0,78
2020-08-30,Sonoma,53,5590,0,78
2020-08-31,Sonoma,60,5650,2,80
2020-09-01,Sonoma,83,5733,0,80
2020-09-02,Sonoma,113,5846,3,83
2020-09-03,Sonoma,151,5997,6,89
2020-09-04,Sonoma,53,6050,4,93
2020-09-05,Sonoma,99,6149,0,93
2020-09-06,Sonoma,63,6212,0,93
2020-09-07,Sonoma,56,6268,0,93
2020-09-08,Sonoma,88,6356,0,93
2020-09-09,Sonoma,41,6397,5,98
2020-09-10,Sonoma,27,6424,0,98
2020-09-11,Sonoma,45,6469,0,98
2020-09-12,Sonoma,62,6531,10,108
2020-09-13,Sonoma,61,6592,0,108
2020-09-14,Sonoma,38,6630,0,108
2020-09-15,Sonoma,71,6701,2,110
2020-09-16,Sonoma,30,6731,0,110
2020-09-17,Sonoma,23,6754,4,114
2020-09-18,Sonoma,102,6856,0,114
2020-09-19,Sonoma,49,6905,0,114
2020-09-20,Sonoma,49,6954,0,114
2020-09-21,Sonoma,63,7017,0,114
2020-09-22,Sonoma,51,7068,0,114
2020-09-23,Sonoma,23,7091,6,120
2020-09-24,Sonoma,72,7163,0,120
2020-09-25,Sonoma,39,7202,0,120
2020-09-26,Sonoma,83,7285,0,120
2020-09-27,Sonoma,51,7336,2,122
2020-09-28,Sonoma,33,7369,0,122
2020-09-29,Sonoma,57,7426,0,122
2020-09-30,Sonoma,68,7494,0,122
2020-10-01,Sonoma,75,7569,0,122
2020-10-02,Sonoma,93,7662,0,122
2020-10-03,Sonoma,85,7747,0,122
2020-10-04,Sonoma,47,7794,0,122
2020-10-05,Sonoma,23,7817,0,122
2020-10-06,Sonoma,78,7895,0,122
2020-10-07,Sonoma,98,7993,0,122
2020-10-08,Sonoma,70,8063,4,126
2020-10-09,Sonoma,70,8133,0,126
2020-10-10,Sonoma,102,8235,0,126
2020-10-11,Sonoma,84,8319,0,126
2020-10-12,Sonoma,58,8377,2,128
2020-10-13,Sonoma,79,8456,0,128
2020-10-14,Sonoma,58,8514,0,128
2020-10-15,Sonoma,57,8571,0,128
2020-10-16,Sonoma,81,8652,0,128
2020-10-17,Sonoma,73,8725,1,129
2020-10-18,Sonoma,56,8781,0,129
2020-10-19,Sonoma,49,8830,0,129
2020-10-20,Sonoma,74,8904,0,129
2020-10-21,Sonoma,83,8987,5,134
2020-10-22,Sonoma,65,9052,0,134
2020-10-23,Sonoma,60,9112,0,134
2020-10-24,Sonoma,67,9179,0,134
2020-10-25,Sonoma,56,9235,0,134
2020-10-26,Sonoma,80,9315,2,136
2020-10-27,Sonoma,74,9389,0,136
2020-10-28,Sonoma,68,9457,0,136
2020-10-29,Sonoma,76,9533,0,136
2020-10-30,Sonoma,69,9602,0,136
2020-10-31,Sonoma,46,9648,0,136
2020-11-01,Sonoma,40,9688,0,136
2020-11-02,Sonoma,108,9796,0,136
2020-11-03,Sonoma,110,9906,6,142
2020-11-04,Sonoma,59,9965,0,142
2020-11-05,Sonoma,99,10064,0,142
2020-11-06,Sonoma,78,10142,4,146
2020-11-07,Sonoma,46,10188,0,146
2020-11-08,Sonoma,41,10229,0,146
2020-11-09,Sonoma,81,10310,0,146
2020-11-10,Sonoma,104,10414,0,146
2020-11-11,Sonoma,84,10498,3,149
2020-11-12,Sonoma,104,10602,0,149
2020-11-13,Sonoma,83,10685,0,149
2020-11-14,Sonoma,84,10769,0,149
2020-11-15,Sonoma,64,10833,0,149
2020-11-16,Sonoma,128,10961,0,149
2020-11-17,Sonoma,123,11084,1,150
2020-11-18,Sonoma,45,11129,0,150
2020-11-19,Sonoma,76,11205,0,150
2020-11-20,Sonoma,111,11316,0,150
2020-11-21,Sonoma,78,11394,5,155
2020-11-22,Sonoma,21,11415,0,155
2020-11-23,Sonoma,92,11507,0,155
2020-11-24,Sonoma,137,11644,0,155
2020-11-25,Sonoma,131,11775,0,155
2020-11-26,Sonoma,147,11922,2,157
2020-11-27,Sonoma,2,11924,0,157
2020-11-28,Sonoma,84,12008,0,157
2020-11-29,Sonoma,44,12052,0,157
2020-11-30,Sonoma,180,12232,0,157
2020-12-01,Sonoma,259,12491,0,157
2020-12-02,Sonoma,144,12635,3,160
2020-12-03,Sonoma,137,12772,0,160
2020-12-04,Sonoma,190,12962,0,160
2020-12-05,Sonoma,175,13137,0,160
2020-12-06,Sonoma,101,13238,0,160
2020-12-07,Sonoma,138,13376,0,160
2020-12-08,Sonoma,225,13601,0,160
2020-12-09,Sonoma,393,13994,0,160
2020-12-10,Sonoma,288,14282,2,162
2020-12-11,Sonoma,16,14298,0,162
2020-12-12,Sonoma,168,14466,0,162
2020-12-13,Sonoma,29,14495,0,162
2020-12-14,Sonoma,312,14807,0,162
2020-12-15,Sonoma,599,15406,2,164
2020-12-16,Sonoma,362,15768,2,166
2020-12-17,Sonoma,225,15993,0,166
2020-12-18,Sonoma,268,16261,5,171
2020-12-19,Sonoma,292,16553,3,174
2020-12-20,Sonoma,249,16802,0,174
2020-12-21,Sonoma,273,17075,0,174
2020-12-22,Sonoma,141,17216,3,177
2020-03-18,Shasta,1,1,0,0
2020-03-19,Shasta,0,1,0,0
2020-03-20,Shasta,0,1,0,0
2020-03-21,Shasta,0,1,0,0
2020-03-22,Shasta,0,1,0,0
2020-03-23,Shasta,1,2,0,0
2020-03-24,Shasta,1,3,0,0
2020-03-25,Shasta,0,3,1,1
2020-03-26,Shasta,0,3,0,1
2020-03-27,Shasta,0,3,0,1
2020-03-28,Shasta,1,4,0,1
2020-03-29,Shasta,0,4,0,1
2020-03-30,Shasta,0,4,0,1
2020-03-31,Shasta,1,5,0,1
2020-04-01,Shasta,0,5,0,1
2020-04-02,Shasta,2,7,0,1
2020-04-03,Shasta,3,10,0,1
2020-04-04,Shasta,1,11,1,2
2020-04-05,Shasta,0,11,0,2
2020-04-06,Shasta,5,16,1,3
2020-04-07,Shasta,0,16,0,3
2020-04-08,Shasta,2,18,0,3
2020-04-09,Shasta,4,22,0,3
2020-04-10,Shasta,2,24,0,3
2020-04-11,Shasta,0,24,0,3
2020-04-12,Shasta,0,24,0,3
2020-04-13,Shasta,0,24,0,3
2020-04-14,Shasta,0,24,0,3
2020-04-15,Shasta,1,25,0,3
2020-04-16,Shasta,0,25,0,3
2020-04-17,Shasta,1,26,0,3
2020-04-18,Shasta,0,26,0,3
2020-04-19,Shasta,0,26,0,3
2020-04-20,Shasta,0,26,0,3
2020-04-21,Shasta,0,26,0,3
2020-04-22,Shasta,0,26,0,3
2020-04-23,Shasta,1,27,0,3
2020-04-24,Shasta,1,28,1,4
2020-04-25,Shasta,1,29,0,4
2020-04-26,Shasta,0,29,0,4
2020-04-27,Shasta,0,29,0,4
2020-04-28,Shasta,0,29,0,4
2020-04-29,Shasta,2,31,0,4
2020-04-30,Shasta,0,31,0,4
2020-05-01,Shasta,0,31,0,4
2020-05-02,Shasta,0,31,0,4
2020-05-03,Shasta,0,31,0,4
2020-05-04,Shasta,0,31,0,4
2020-05-05,Shasta,0,31,0,4
2020-05-06,Shasta,0,31,0,4
2020-05-07,Shasta,0,31,0,4
2020-05-08,Shasta,0,31,0,4
2020-05-09,Shasta,0,31,0,4
2020-05-10,Shasta,0,31,0,4
2020-05-11,Shasta,0,31,0,4
2020-05-12,Shasta,2,33,0,4
2020-05-13,Shasta,-1,32,0,4
2020-05-14,Shasta,1,33,0,4
2020-05-15,Shasta,0,33,0,4
2020-05-16,Shasta,0,33,0,4
2020-05-17,Shasta,1,34,0,4
2020-05-18,Shasta,0,34,0,4
2020-05-19,Shasta,0,34,0,4
2020-05-20,Shasta,0,34,0,4
2020-05-21,Shasta,0,34,0,4
2020-05-22,Shasta,0,34,0,4
2020-05-23,Shasta,1,35,0,4
2020-05-24,Shasta,1,36,0,4
2020-05-25,Shasta,0,36,0,4
2020-05-26,Shasta,0,36,0,4
2020-05-27,Shasta,0,36,0,4
2020-05-28,Shasta,0,36,0,4
2020-05-29,Shasta,0,36,0,4
2020-05-30,Shasta,0,36,0,4
2020-05-31,Shasta,2,38,0,4
2020-06-01,Shasta,0,38,0,4
2020-06-02,Shasta,0,38,0,4
2020-06-03,Shasta,2,40,0,4
2020-06-04,Shasta,0,40,0,4
2020-06-05,Shasta,0,40,0,4
2020-06-06,Shasta,0,40,0,4
2020-06-07,Shasta,1,41,0,4
2020-06-08,Shasta,2,43,0,4
2020-06-09,Shasta,1,44,0,4
2020-06-10,Shasta,1,45,0,4
2020-06-11,Shasta,2,47,1,5
2020-06-12,Shasta,1,48,0,5
2020-06-13,Shasta,0,48,0,5
2020-06-14,Shasta,0,48,0,5
2020-06-15,Shasta,2,50,-1,4
2020-06-16,Shasta,1,51,0,4
2020-06-17,Shasta,0,51,0,4
2020-06-18,Shasta,0,51,0,4
2020-06-19,Shasta,7,58,0,4
2020-06-20,Shasta,8,66,1,5
2020-06-21,Shasta,9,75,0,5
2020-06-22,Shasta,2,77,0,5
2020-06-23,Shasta,4,81,0,5
2020-06-24,Shasta,2,83,0,5
2020-06-25,Shasta,1,84,0,5
2020-06-26,Shasta,2,86,0,5
2020-06-27,Shasta,1,87,0,5
2020-06-28,Shasta,4,91,0,5
2020-06-29,Shasta,8,99,0,5
2020-06-30,Shasta,4,103,0,5
2020-07-01,Shasta,2,105,0,5
2020-07-02,Shasta,5,110,0,5
2020-07-03,Shasta,3,113,0,5
2020-07-04,Shasta,22,135,0,5
2020-07-05,Shasta,3,138,0,5
2020-07-06,Shasta,5,143,0,5
2020-07-07,Shasta,1,144,0,5
2020-07-08,Shasta,4,148,0,5
2020-07-09,Shasta,7,155,1,6
2020-07-10,Shasta,3,158,0,6
2020-07-11,Shasta,10,168,0,6
2020-07-12,Shasta,5,173,0,6
2020-07-13,Shasta,12,185,0,6
2020-07-14,Shasta,5,190,0,6
2020-07-15,Shasta,3,193,0,6
2020-07-16,Shasta,15,208,0,6
2020-07-17,Shasta,5,213,1,7
2020-07-18,Shasta,3,216,0,7
2020-07-19,Shasta,2,218,0,7
2020-07-20,Shasta,15,233,0,7
2020-07-21,Shasta,8,241,0,7
2020-07-22,Shasta,5,246,0,7
2020-07-23,Shasta,8,254,0,7
2020-07-24,Shasta,8,262,1,8
2020-07-25,Shasta,1,263,0,8
2020-07-26,Shasta,2,265,0,8
2020-07-27,Shasta,10,275,0,8
2020-07-28,Shasta,0,275,0,8
2020-07-29,Shasta,22,297,0,8
2020-07-30,Shasta,9,306,0,8
2020-07-31,Shasta,-1,305,1,9
2020-08-01,Shasta,7,312,0,9
2020-08-02,Shasta,6,318,0,9
2020-08-03,Shasta,4,322,0,9
2020-08-04,Shasta,13,335,0,9
2020-08-05,Shasta,3,338,0,9
2020-08-06,Shasta,5,343,0,9
2020-08-07,Shasta,-1,342,0,9
2020-08-08,Shasta,1,343,0,9
2020-08-09,Shasta,18,361,0,9
2020-08-10,Shasta,23,384,1,10
2020-08-11,Shasta,32,416,0,10
2020-08-12,Shasta,1,417,0,10
2020-08-13,Shasta,11,428,0,10
2020-08-14,Shasta,18,446,0,10
2020-08-15,Shasta,12,458,0,10
2020-08-16,Shasta,7,465,0,10
2020-08-17,Shasta,2,467,0,10
2020-08-18,Shasta,1,468,1,11
2020-08-19,Shasta,7,475,0,11
2020-08-20,Shasta,3,478,0,11
2020-08-21,Shasta,8,486,0,11
2020-08-22,Shasta,7,493,0,11
2020-08-23,Shasta,8,501,0,11
2020-08-24,Shasta,4,505,0,11
2020-08-25,Shasta,6,511,0,11
2020-08-26,Shasta,0,511,0,11
2020-08-27,Shasta,1,512,1,12
2020-08-28,Shasta,4,516,0,12
2020-08-29,Shasta,6,522,0,12
2020-08-30,Shasta,3,525,0,12
2020-08-31,Shasta,3,528,0,12
2020-09-01,Shasta,-1,527,0,12
2020-09-02,Shasta,4,531,0,12
2020-09-03,Shasta,4,535,0,12
2020-09-04,Shasta,1,536,0,12
2020-09-05,Shasta,8,544,0,12
2020-09-06,Shasta,6,550,0,12
2020-09-07,Shasta,6,556,0,12
2020-09-08,Shasta,0,556,0,12
2020-09-09,Shasta,6,562,0,12
2020-09-10,Shasta,4,566,0,12
2020-09-11,Shasta,2,568,0,12
2020-09-12,Shasta,1,569,0,12
2020-09-13,Shasta,14,583,0,12
2020-09-14,Shasta,1,584,0,12
2020-09-15,Shasta,43,627,0,12
2020-09-16,Shasta,8,635,0,12
2020-09-17,Shasta,25,660,2,14
2020-09-18,Shasta,8,668,0,14
2020-09-19,Shasta,19,687,0,14
2020-09-20,Shasta,9,696,0,14
2020-09-21,Shasta,0,696,0,14
2020-09-22,Shasta,27,723,0,14
2020-09-23,Shasta,33,756,0,14
2020-09-24,Shasta,17,773,2,16
2020-09-25,Shasta,33,806,1,17
2020-09-26,Shasta,50,856,0,17
2020-09-27,Shasta,27,883,0,17
2020-09-28,Shasta,0,883,0,17
2020-09-29,Shasta,60,943,3,20
2020-09-30,Shasta,33,976,0,20
2020-10-01,Shasta,15,991,0,20
2020-10-02,Shasta,55,1046,2,22
2020-10-03,Shasta,71,1117,0,22
2020-10-04,Shasta,41,1158,0,22
2020-10-05,Shasta,0,1158,0,22
2020-10-06,Shasta,84,1242,0,22
2020-10-07,Shasta,26,1268,0,22
2020-10-08,Shasta,37,1305,2,24
2020-10-09,Shasta,48,1353,0,24
2020-10-10,Shasta,120,1473,0,24
2020-10-11,Shasta,42,1515,0,24
2020-10-12,Shasta,0,1515,0,24
2020-10-13,Shasta,91,1606,1,25
2020-10-14,Shasta,-53,1553,0,25
2020-10-15,Shasta,82,1635,3,28
2020-10-16,Shasta,25,1660,1,29
2020-10-17,Shasta,19,1679,0,29
2020-10-18,Shasta,29,1708,0,29
2020-10-19,Shasta,1,1709,0,29
2020-10-20,Shasta,38,1747,0,29
2020-10-21,Shasta,30,1777,0,29
2020-10-22,Shasta,22,1799,1,30
2020-10-23,Shasta,47,1846,0,30
2020-10-24,Shasta,32,1878,0,30
2020-10-25,Shasta,11,1889,0,30
2020-10-26,Shasta,0,1889,0,30
2020-10-27,Shasta,73,1962,1,31
2020-10-28,Shasta,34,1996,0,31
2020-10-29,Shasta,12,2008,0,31
2020-10-30,Shasta,40,2048,0,31
2020-10-31,Shasta,74,2122,0,31
2020-11-01,Shasta,50,2172,0,31
2020-11-02,Shasta,2,2174,0,31
2020-11-03,Shasta,114,2288,1,32
2020-11-04,Shasta,33,2321,1,33
2020-11-05,Shasta,80,2401,0,33
2020-11-06,Shasta,74,2475,1,34
2020-11-07,Shasta,45,2520,0,34
2020-11-08,Shasta,62,2582,0,34
2020-11-09,Shasta,-1,2581,0,34
2020-11-10,Shasta,105,2686,0,34
2020-11-11,Shasta,80,2766,0,34
2020-11-12,Shasta,59,2825,2,36
2020-11-13,Shasta,158,2983,0,36
2020-11-14,Shasta,212,3195,0,36
2020-11-15,Shasta,95,3290,0,36
2020-11-16,Shasta,-6,3284,0,36
2020-11-17,Shasta,173,3457,0,36
2020-11-18,Shasta,90,3547,0,36
2020-11-19,Shasta,138,3685,1,37
2020-11-20,Shasta,176,3861,5,42
2020-11-21,Shasta,234,4095,0,42
2020-11-22,Shasta,5,4100,0,42
2020-11-23,Shasta,0,4100,0,42
2020-11-24,Shasta,310,4410,1,43
2020-11-25,Shasta,178,4588,4,47
2020-11-26,Shasta,124,4712,0,47
2020-11-27,Shasta,-2,4710,0,47
2020-11-28,Shasta,172,4882,0,47
2020-11-29,Shasta,53,4935,0,47
2020-11-30,Shasta,-2,4933,0,47
2020-12-01,Shasta,144,5077,3,50
2020-12-02,Shasta,111,5188,0,50
2020-12-03,Shasta,142,5330,2,52
2020-12-04,Shasta,109,5439,1,53
2020-12-05,Shasta,214,5653,0,53
2020-12-06,Shasta,90,5743,0,53
2020-12-07,Shasta,-1,5742,0,53
2020-12-08,Shasta,204,5946,1,54
2020-12-09,Shasta,159,6105,0,54
2020-12-10,Shasta,207,6312,4,58
2020-12-11,Shasta,147,6459,0,58
2020-12-12,Shasta,92,6551,0,58
2020-12-13,Shasta,96,6647,0,58
2020-12-14,Shasta,18,6665,1,59
2020-12-15,Shasta,129,6794,4,63
2020-12-16,Shasta,120,6914,1,64
2020-12-17,Shasta,86,7000,1,65
2020-12-18,Shasta,114,7114,1,66
2020-12-19,Shasta,107,7221,0,66
2020-12-20,Shasta,35,7256,0,66
2020-12-21,Shasta,43,7299,2,68
2020-12-22,Shasta,72,7371,0,68
2020-03-18,Lassen,0,0,0,0
2020-03-19,Lassen,0,0,0,0
2020-03-20,Lassen,0,0,0,0
2020-03-21,Lassen,0,0,0,0
2020-03-22,Lassen,0,0,0,0
2020-03-23,Lassen,0,0,0,0
2020-03-24,Lassen,0,0,0,0
2020-03-25,Lassen,0,0,0,0
2020-03-26,Lassen,0,0,0,0
2020-03-27,Lassen,0,0,0,0
2020-03-28,Lassen,0,0,0,0
2020-03-29,Lassen,0,0,0,0
2020-03-30,Lassen,0,0,0,0
2020-03-31,Lassen,0,0,0,0
2020-04-01,Lassen,0,0,0,0
2020-04-02,Lassen,0,0,0,0
2020-04-03,Lassen,0,0,0,0
2020-04-04,Lassen,0,0,0,0
2020-04-05,Lassen,0,0,0,0
2020-04-06,Lassen,0,0,0,0
2020-04-07,Lassen,0,0,0,0
2020-04-08,Lassen,0,0,0,0
2020-04-09,Lassen,0,0,0,0
2020-04-10,Lassen,0,0,0,0
2020-04-11,Lassen,0,0,0,0
2020-04-12,Lassen,0,0,0,0
2020-04-13,Lassen,0,0,0,0
2020-04-14,Lassen,0,0,0,0
2020-04-15,Lassen,0,0,0,0
2020-04-16,Lassen,0,0,0,0
2020-04-17,Lassen,0,0,0,0
2020-04-18,Lassen,0,0,0,0
2020-04-19,Lassen,0,0,0,0
2020-04-20,Lassen,0,0,0,0
2020-04-21,Lassen,0,0,0,0
2020-04-22,Lassen,0,0,0,0
2020-04-23,Lassen,0,0,0,0
2020-04-24,Lassen,0,0,0,0
2020-04-25,Lassen,0,0,0,0
2020-04-26,Lassen,0,0,0,0
2020-04-27,Lassen,0,0,0,0
2020-04-28,Lassen,0,0,0,0
2020-04-29,Lassen,0,0,0,0
2020-04-30,Lassen,0,0,0,0
2020-05-01,Lassen,0,0,0,0
2020-05-02,Lassen,0,0,0,0
2020-05-03,Lassen,0,0,0,0
2020-05-04,Lassen,0,0,0,0
2020-05-05,Lassen,0,0,0,0
2020-05-06,Lassen,0,0,0,0
2020-05-07,Lassen,0,0,0,0
2020-05-08,Lassen,0,0,0,0
2020-05-09,Lassen,0,0,0,0
2020-05-10,Lassen,0,0,0,0
2020-05-11,Lassen,0,0,0,0
2020-05-12,Lassen,0,0,0,0
2020-05-13,Lassen,0,0,0,0
2020-05-14,Lassen,0,0,0,0
2020-05-15,Lassen,0,0,0,0
2020-05-16,Lassen,0,0,0,0
2020-05-17,Lassen,0,0,0,0
2020-05-18,Lassen,0,0,0,0
2020-05-19,Lassen,0,0,0,0
2020-05-20,Lassen,0,0,0,0
2020-05-21,Lassen,0,0,0,0
2020-05-22,Lassen,0,0,0,0
2020-05-23,Lassen,0,0,0,0
2020-05-24,Lassen,0,0,0,0
2020-05-25,Lassen,0,0,0,0
2020-05-26,Lassen,0,0,0,0
2020-05-27,Lassen,0,0,0,0
2020-05-28,Lassen,0,0,0,0
2020-05-29,Lassen,0,0,0,0
2020-05-30,Lassen,4,4,0,0
2020-05-31,Lassen,0,4,0,0
2020-06-01,Lassen,0,4,0,0
2020-06-02,Lassen,0,4,0,0
2020-06-03,Lassen,0,4,0,0
2020-06-04,Lassen,0,4,0,0
2020-06-05,Lassen,0,4,0,0
2020-06-06,Lassen,0,4,0,0
2020-06-07,Lassen,0,4,0,0
2020-06-08,Lassen,0,4,0,0
2020-06-09,Lassen,1,5,0,0
2020-06-10,Lassen,0,5,0,0
2020-06-11,Lassen,0,5,0,0
2020-06-12,Lassen,0,5,0,0
2020-06-13,Lassen,0,5,0,0
2020-06-14,Lassen,0,5,0,0
2020-06-15,Lassen,0,5,0,0
2020-06-16,Lassen,0,5,0,0
2020-06-17,Lassen,0,5,0,0
2020-06-18,Lassen,0,5,0,0
2020-06-19,Lassen,2,7,0,0
2020-06-20,Lassen,0,7,0,0
2020-06-21,Lassen,0,7,0,0
2020-06-22,Lassen,0,7,0,0
2020-06-23,Lassen,2,9,0,0
2020-06-24,Lassen,0,9,0,0
2020-06-25,Lassen,6,15,0,0
2020-06-26,Lassen,21,36,0,0
2020-06-27,Lassen,9,45,0,0
2020-06-28,Lassen,73,118,0,0
2020-06-29,Lassen,39,157,0,0
2020-06-30,Lassen,59,216,0,0
2020-07-01,Lassen,1,217,0,0
2020-07-02,Lassen,1,218,0,0
2020-07-03,Lassen,1,219,0,0
2020-07-04,Lassen,0,219,0,0
2020-07-05,Lassen,0,219,0,0
2020-07-06,Lassen,0,219,0,0
2020-07-07,Lassen,0,219,0,0
2020-07-08,Lassen,2,221,0,0
2020-07-09,Lassen,0,221,0,0
2020-07-10,Lassen,14,235,0,0
2020-07-11,Lassen,2,237,0,0
2020-07-12,Lassen,0,237,0,0
2020-07-13,Lassen,0,237,0,0
2020-07-14,Lassen,26,263,0,0
2020-07-15,Lassen,56,319,0,0
2020-07-16,Lassen,36,355,0,0
2020-07-17,Lassen,36,391,0,0
2020-07-18,Lassen,83,474,0,0
2020-07-19,Lassen,0,474,0,0
2020-07-20,Lassen,0,474,0,0
2020-07-21,Lassen,0,474,0,0
2020-07-22,Lassen,26,500,0,0
2020-07-23,Lassen,3,503,0,0
2020-07-24,Lassen,0,503,0,0
2020-07-25,Lassen,0,503,0,0
2020-07-26,Lassen,0,503,0,0
2020-07-27,Lassen,0,503,0,0
2020-07-28,Lassen,5,508,0,0
2020-07-29,Lassen,5,513,0,0
2020-07-30,Lassen,31,544,0,0
2020-07-31,Lassen,0,544,0,0
2020-08-01,Lassen,11,555,0,0
2020-08-02,Lassen,0,555,0,0
2020-08-03,Lassen,0,555,0,0
2020-08-04,Lassen,1,556,0,0
2020-08-05,Lassen,1,557,0,0
2020-08-06,Lassen,31,588,0,0
2020-08-07,Lassen,0,588,0,0
2020-08-08,Lassen,1,589,0,0
2020-08-09,Lassen,0,589,0,0
2020-08-10,Lassen,-1,588,0,0
2020-08-11,Lassen,17,605,0,0
2020-08-12,Lassen,46,651,0,0
2020-08-13,Lassen,1,652,0,0
2020-08-14,Lassen,13,665,0,0
2020-08-15,Lassen,1,666,0,0
2020-08-16,Lassen,0,666,0,0
2020-08-17,Lassen,0,666,0,0
2020-08-18,Lassen,27,693,0,0
2020-08-19,Lassen,0,693,0,0
2020-08-20,Lassen,0,693,0,0
2020-08-21,Lassen,0,693,0,0
2020-08-22,Lassen,0,693,0,0
2020-08-23,Lassen,0,693,0,0
2020-08-24,Lassen,0,693,0,0
2020-08-25,Lassen,-1,692,0,0
2020-08-26,Lassen,10,702,0,0
2020-08-27,Lassen,1,703,0,0
2020-08-28,Lassen,1,704,0,0
2020-08-29,Lassen,2,706,0,0
2020-08-30,Lassen,0,706,0,0
2020-08-31,Lassen,0,706,0,0
2020-09-01,Lassen,0,706,0,0
2020-09-02,Lassen,0,706,0,0
2020-09-03,Lassen,1,707,0,0
2020-09-04,Lassen,1,708,0,0
2020-09-05,Lassen,1,709,0,0
2020-09-06,Lassen,0,709,0,0
2020-09-07,Lassen,0,709,0,0
2020-09-08,Lassen,1,710,0,0
2020-09-09,Lassen,4,714,0,0
2020-09-10,Lassen,2,716,0,0
2020-09-11,Lassen,3,719,0,0
2020-09-12,Lassen,0,719,0,0
2020-09-13,Lassen,0,719,0,0
2020-09-14,Lassen,0,719,0,0
2020-09-15,Lassen,0,719,0,0
2020-09-16,Lassen,11,730,0,0
2020-09-17,Lassen,1,731,0,0
2020-09-18,Lassen,0,731,0,0
2020-09-19,Lassen,0,731,0,0
2020-09-20,Lassen,4,735,0,0
2020-09-21,Lassen,0,735,0,0
2020-09-22,Lassen,1,736,0,0
2020-09-23,Lassen,0,736,0,0
2020-09-24,Lassen,1,737,0,0
2020-09-25,Lassen,0,737,0,0
2020-09-26,Lassen,0,737,0,0
2020-09-27,Lassen,0,737,0,0
2020-09-28,Lassen,0,737,0,0
2020-09-29,Lassen,4,741,0,0
2020-09-30,Lassen,1,742,0,0
2020-10-01,Lassen,0,742,0,0
2020-10-02,Lassen,0,742,0,0
2020-10-03,Lassen,1,743,0,0
2020-10-04,Lassen,0,743,0,0
2020-10-05,Lassen,0,743,0,0
2020-10-06,Lassen,0,743,0,0
2020-10-07,Lassen,8,751,0,0
2020-10-08,Lassen,0,751,0,0
2020-10-09,Lassen,0,751,0,0
2020-10-10,Lassen,1,752,0,0
2020-10-11,Lassen,0,752,1,1
2020-10-12,Lassen,0,752,0,1
2020-10-13,Lassen,0,752,0,1
2020-10-14,Lassen,0,752,0,1
2020-10-15,Lassen,0,752,0,1
2020-10-16,Lassen,5,757,0,1
2020-10-17,Lassen,0,757,0,1
2020-10-18,Lassen,0,757,0,1
2020-10-19,Lassen,0,757,0,1
2020-10-20,Lassen,0,757,0,1
2020-10-21,Lassen,7,764,0,1
2020-10-22,Lassen,0,764,0,1
2020-10-23,Lassen,0,764,0,1
2020-10-24,Lassen,0,764,0,1
2020-10-25,Lassen,0,764,0,1
2020-10-26,Lassen,0,764,0,1
2020-10-27,Lassen,0,764,0,1
2020-10-28,Lassen,7,771,0,1
2020-10-29,Lassen,1,772,0,1
2020-10-30,Lassen,5,777,0,1
2020-10-31,Lassen,5,782,0,1
2020-11-01,Lassen,0,782,0,1
2020-11-02,Lassen,0,782,0,1
2020-11-03,Lassen,0,782,0,1
2020-11-04,Lassen,-1,781,0,1
2020-11-05,Lassen,1,782,0,1
2020-11-06,Lassen,12,794,0,1
2020-11-07,Lassen,5,799,0,1
2020-11-08,Lassen,0,799,0,1
2020-11-09,Lassen,0,799,0,1
2020-11-10,Lassen,31,830,0,1
2020-11-11,Lassen,1,831,0,1
2020-11-12,Lassen,1,832,0,1
2020-11-13,Lassen,0,832,0,1
2020-11-14,Lassen,1,833,0,1
2020-11-15,Lassen,291,1124,0,1
2020-11-16,Lassen,0,1124,0,1
2020-11-17,Lassen,0,1124,1,2
2020-11-18,Lassen,0,1124,0,2
2020-11-19,Lassen,77,1201,0,2
2020-11-20,Lassen,11,1212,0,2
2020-11-21,Lassen,-1,1211,0,2
2020-11-22,Lassen,0,1211,0,2
2020-11-23,Lassen,60,1271,0,2
2020-11-24,Lassen,386,1657,0,2
2020-11-25,Lassen,44,1701,0,2
2020-11-26,Lassen,13,1714,0,2
2020-11-27,Lassen,0,1714,0,2
2020-11-28,Lassen,0,1714,0,2
2020-11-29,Lassen,79,1793,0,2
2020-11-30,Lassen,0,1793,0,2
2020-12-01,Lassen,254,2047,0,2
2020-12-02,Lassen,68,2115,0,2
2020-12-03,Lassen,13,2128,0,2
2020-12-04,Lassen,39,2167,0,2
2020-12-05,Lassen,1,2168,0,2
2020-12-06,Lassen,0,2168,0,2
2020-12-07,Lassen,-1,2167,0,2
2020-12-08,Lassen,-2,2165,3,5
2020-12-09,Lassen,166,2331,0,5
2020-12-10,Lassen,433,2764,0,5
2020-12-11,Lassen,26,2790,0,5
2020-12-12,Lassen,76,2866,0,5
2020-12-13,Lassen,1,2867,1,6
2020-12-14,Lassen,38,2905,0,6
2020-12-15,Lassen,473,3378,0,6
2020-12-16,Lassen,18,3396,1,7
2020-12-17,Lassen,21,3417,0,7
2020-12-18,Lassen,69,3486,0,7
2020-12-19,Lassen,109,3595,0,7
2020-12-20,Lassen,74,3669,0,7
2020-12-21,Lassen,129,3798,1,8
2020-12-22,Lassen,50,3848,0,8
2020-03-18,Colusa,0,0,0,0
2020-03-19,Colusa,0,0,0,0
2020-03-20,Colusa,0,0,0,0
2020-03-21,Colusa,0,0,0,0
2020-03-22,Colusa,0,0,0,0
2020-03-23,Colusa,0,0,0,0
2020-03-24,Colusa,0,0,0,0
2020-03-25,Colusa,0,0,0,0
2020-03-26,Colusa,0,0,0,0
2020-03-27,Colusa,0,0,0,0
2020-03-28,Colusa,1,1,0,0
2020-03-29,Colusa,0,1,0,0
2020-03-30,Colusa,0,1,0,0
2020-03-31,Colusa,0,1,0,0
2020-04-01,Colusa,0,1,0,0
2020-04-02,Colusa,0,1,0,0
2020-04-03,Colusa,0,1,0,0
2020-04-04,Colusa,0,1,0,0
2020-04-05,Colusa,0,1,0,0
2020-04-06,Colusa,0,1,0,0
2020-04-07,Colusa,1,2,0,0
2020-04-08,Colusa,1,3,0,0
2020-04-09,Colusa,0,3,0,0
2020-04-10,Colusa,0,3,0,0
2020-04-11,Colusa,0,3,0,0
2020-04-12,Colusa,0,3,0,0
2020-04-13,Colusa,0,3,0,0
2020-04-14,Colusa,0,3,0,0
2020-04-15,Colusa,0,3,0,0
2020-04-16,Colusa,0,3,0,0
2020-04-17,Colusa,0,3,0,0
2020-04-18,Colusa,0,3,0,0
2020-04-19,Colusa,0,3,0,0
2020-04-20,Colusa,0,3,0,0
2020-04-21,Colusa,0,3,0,0
2020-04-22,Colusa,0,3,0,0
2020-04-23,Colusa,0,3,0,0
2020-04-24,Colusa,0,3,0,0
2020-04-25,Colusa,0,3,0,0
2020-04-26,Colusa,0,3,0,0
2020-04-27,Colusa,0,3,0,0
2020-04-28,Colusa,0,3,0,0
2020-04-29,Colusa,0,3,0,0
2020-04-30,Colusa,0,3,0,0
2020-05-01,Colusa,0,3,0,0
2020-05-02,Colusa,0,3,0,0
2020-05-03,Colusa,0,3,0,0
2020-05-04,Colusa,0,3,0,0
2020-05-05,Colusa,0,3,0,0
2020-05-06,Colusa,0,3,0,0
2020-05-07,Colusa,0,3,0,0
2020-05-08,Colusa,0,3,0,0
2020-05-09,Colusa,0,3,0,0
2020-05-10,Colusa,0,3,0,0
2020-05-11,Colusa,0,3,0,0
2020-05-12,Colusa,0,3,0,0
2020-05-13,Colusa,0,3,0,0
2020-05-14,Colusa,0,3,0,0
2020-05-15,Colusa,0,3,0,0
2020-05-16,Colusa,0,3,0,0
2020-05-17,Colusa,0,3,0,0
2020-05-18,Colusa,0,3,0,0
2020-05-19,Colusa,0,3,0,0
2020-05-20,Colusa,0,3,0,0
2020-05-21,Colusa,1,4,0,0
2020-05-22,Colusa,0,4,0,0
2020-05-23,Colusa,0,4,0,0
2020-05-24,Colusa,0,4,0,0
2020-05-25,Colusa,0,4,0,0
2020-05-26,Colusa,0,4,0,0
2020-05-27,Colusa,1,5,0,0
2020-05-28,Colusa,0,5,0,0
2020-05-29,Colusa,0,5,0,0
2020-05-30,Colusa,0,5,0,0
2020-05-31,Colusa,0,5,0,0
2020-06-01,Colusa,2,7,0,0
2020-06-02,Colusa,0,7,0,0
2020-06-03,Colusa,0,7,0,0
2020-06-04,Colusa,0,7,0,0
2020-06-05,Colusa,0,7,0,0
2020-06-06,Colusa,0,7,0,0
2020-06-07,Colusa,0,7,0,0
2020-06-08,Colusa,0,7,0,0
2020-06-09,Colusa,0,7,0,0
2020-06-10,Colusa,0,7,0,0
2020-06-11,Colusa,0,7,0,0
2020-06-12,Colusa,0,7,0,0
2020-06-13,Colusa,0,7,0,0
2020-06-14,Colusa,0,7,0,0
2020-06-15,Colusa,0,7,0,0
2020-06-16,Colusa,0,7,0,0
2020-06-17,Colusa,0,7,0,0
2020-06-18,Colusa,0,7,0,0
2020-06-19,Colusa,0,7,0,0
2020-06-20,Colusa,0,7,0,0
2020-06-21,Colusa,0,7,0,0
2020-06-22,Colusa,0,7,0,0
2020-06-23,Colusa,0,7,0,0
2020-06-24,Colusa,4,11,0,0
2020-06-25,Colusa,4,15,0,0
2020-06-26,Colusa,4,19,0,0
2020-06-27,Colusa,1,20,0,0
2020-06-28,Colusa,4,24,0,0
2020-06-29,Colusa,9,33,0,0
2020-06-30,Colusa,13,46,0,0
2020-07-01,Colusa,7,53,0,0
2020-07-02,Colusa,7,60,0,0
2020-07-03,Colusa,10,70,0,0
2020-07-04,Colusa,6,76,0,0
2020-07-05,Colusa,3,79,0,0
2020-07-06,Colusa,1,80,0,0
2020-07-07,Colusa,4,84,0,0
2020-07-08,Colusa,6,90,0,0
2020-07-09,Colusa,7,97,0,0
2020-07-10,Colusa,6,103,0,0
2020-07-11,Colusa,7,110,0,0
2020-07-12,Colusa,6,116,0,0
2020-07-13,Colusa,0,116,0,0
2020-07-14,Colusa,12,128,0,0
2020-07-15,Colusa,7,135,0,0
2020-07-16,Colusa,5,140,0,0
2020-07-17,Colusa,6,146,0,0
2020-07-18,Colusa,36,182,0,0
2020-07-19,Colusa,5,187,0,0
2020-07-20,Colusa,30,217,0,0
2020-07-21,Colusa,10,227,0,0
2020-07-22,Colusa,9,236,0,0
2020-07-23,Colusa,6,242,2,2
2020-07-24,Colusa,13,255,0,2
2020-07-25,Colusa,10,265,0,2
2020-07-26,Colusa,5,270,0,2
2020-07-27,Colusa,1,271,0,2
2020-07-28,Colusa,19,290,0,2
2020-07-29,Colusa,12,302,1,3
2020-07-30,Colusa,13,315,1,4
2020-07-31,Colusa,4,319,0,4
2020-08-01,Colusa,8,327,0,4
2020-08-02,Colusa,8,335,0,4
2020-08-03,Colusa,1,336,0,4
2020-08-04,Colusa,18,354,0,4
2020-08-05,Colusa,0,354,0,4
2020-08-06,Colusa,4,358,0,4
2020-08-07,Colusa,0,358,0,4
2020-08-08,Colusa,10,368,0,4
2020-08-09,Colusa,3,371,0,4
2020-08-10,Colusa,16,387,0,4
2020-08-11,Colusa,3,390,1,5
2020-08-12,Colusa,4,394,0,5
2020-08-13,Colusa,1,395,0,5
2020-08-14,Colusa,4,399,0,5
2020-08-15,Colusa,2,401,0,5
2020-08-16,Colusa,6,407,0,5
2020-08-17,Colusa,1,408,0,5
2020-08-18,Colusa,7,415,0,5
2020-08-19,Colusa,0,415,0,5
2020-08-20,Colusa,0,415,0,5
2020-08-21,Colusa,3,418,0,5
2020-08-22,Colusa,1,419,0,5
2020-08-23,Colusa,5,424,0,5
2020-08-24,Colusa,1,425,0,5
2020-08-25,Colusa,5,430,0,5
2020-08-26,Colusa,3,433,1,6
2020-08-27,Colusa,5,438,0,6
2020-08-28,Colusa,3,441,0,6
2020-08-29,Colusa,-1,440,0,6
2020-08-30,Colusa,0,440,0,6
2020-08-31,Colusa,3,443,0,6
2020-09-01,Colusa,11,454,0,6
2020-09-02,Colusa,6,460,0,6
2020-09-03,Colusa,4,464,0,6
2020-09-04,Colusa,3,467,0,6
2020-09-05,Colusa,5,472,0,6
2020-09-06,Colusa,3,475,0,6
2020-09-07,Colusa,0,475,0,6
2020-09-08,Colusa,0,475,0,6
2020-09-09,Colusa,4,479,0,6
2020-09-10,Colusa,3,482,0,6
2020-09-11,Colusa,2,484,0,6
2020-09-12,Colusa,2,486,0,6
2020-09-13,Colusa,0,486,0,6
2020-09-14,Colusa,0,486,0,6
2020-09-15,Colusa,11,497,0,6
2020-09-16,Colusa,0,497,0,6
2020-09-17,Colusa,2,499,0,6
2020-09-18,Colusa,5,504,0,6
2020-09-19,Colusa,3,507,0,6
2020-09-20,Colusa,3,510,0,6
2020-09-21,Colusa,7,517,0,6
2020-09-22,Colusa,1,518,0,6
2020-09-23,Colusa,3,521,0,6
2020-09-24,Colusa,2,523,0,6
2020-09-25,Colusa,5,528,0,6
2020-09-26,Colusa,1,529,0,6
2020-09-27,Colusa,2,531,0,6
2020-09-28,Colusa,0,531,0,6
2020-09-29,Colusa,3,534,0,6
2020-09-30,Colusa,0,534,0,6
2020-10-01,Colusa,2,536,0,6
2020-10-02,Colusa,1,537,0,6
2020-10-03,Colusa,0,537,0,6
2020-10-04,Colusa,0,537,0,6
2020-10-05,Colusa,0,537,0,6
2020-10-06,Colusa,1,538,0,6
2020-10-07,Colusa,1,539,0,6
2020-10-08,Colusa,0,539,0,6
2020-10-09,Colusa,2,541,0,6
2020-10-10,Colusa,0,541,0,6
2020-10-11,Colusa,0,541,0,6
2020-10-12,Colusa,0,541,0,6
2020-10-13,Colusa,0,541,0,6
2020-10-14,Colusa,2,543,0,6
2020-10-15,Colusa,0,543,0,6
2020-10-16,Colusa,1,544,0,6
2020-10-17,Colusa,0,544,0,6
2020-10-18,Colusa,0,544,0,6
2020-10-19,Colusa,0,544,0,6
2020-10-20,Colusa,2,546,0,6
2020-10-21,Colusa,0,546,0,6
2020-10-22,Colusa,1,547,0,6
2020-10-23,Colusa,0,547,0,6
2020-10-24,Colusa,1,548,0,6
2020-10-25,Colusa,0,548,0,6
2020-10-26,Colusa,0,548,0,6
2020-10-27,Colusa,1,549,0,6
2020-10-28,Colusa,2,551,0,6
2020-10-29,Colusa,1,552,0,6
2020-10-30,Colusa,2,554,0,6
2020-10-31,Colusa,1,555,0,6
2020-11-01,Colusa,12,567,0,6
2020-11-02,Colusa,4,571,0,6
2020-11-03,Colusa,1,572,0,6
2020-11-04,Colusa,-1,571,0,6
2020-11-05,Colusa,3,574,0,6
2020-11-06,Colusa,6,580,0,6
2020-11-07,Colusa,3,583,0,6
2020-11-08,Colusa,0,583,0,6
2020-11-09,Colusa,0,583,0,6
2020-11-10,Colusa,7,590,0,6
2020-11-11,Colusa,1,591,0,6
2020-11-12,Colusa,0,591,0,6
2020-11-13,Colusa,7,598,0,6
2020-11-14,Colusa,3,601,0,6
2020-11-15,Colusa,0,601,0,6
2020-11-16,Colusa,0,601,0,6
2020-11-17,Colusa,5,606,0,6
2020-11-18,Colusa,5,611,0,6
2020-11-19,Colusa,10,621,0,6
2020-11-20,Colusa,10,631,0,6
2020-11-21,Colusa,11,642,0,6
2020-11-22,Colusa,0,642,0,6
2020-11-23,Colusa,20,662,0,6
2020-11-24,Colusa,20,682,0,6
2020-11-25,Colusa,11,693,0,6
2020-11-26,Colusa,1,694,0,6
2020-11-27,Colusa,0,694,0,6
2020-11-28,Colusa,17,711,0,6
2020-11-29,Colusa,12,723,0,6
2020-11-30,Colusa,14,737,0,6
2020-12-01,Colusa,10,747,0,6
2020-12-02,Colusa,9,756,0,6
2020-12-03,Colusa,18,774,0,6
2020-12-04,Colusa,16,790,0,6
2020-12-05,Colusa,35,825,0,6
2020-12-06,Colusa,-1,824,0,6
2020-12-07,Colusa,1,825,1,7
2020-12-08,Colusa,50,875,0,7
2020-12-09,Colusa,21,896,0,7
2020-12-10,Colusa,13,909,0,7
2020-12-11,Colusa,14,923,1,8
2020-12-12,Colusa,22,945,0,8
2020-12-13,Colusa,0,945,0,8
2020-12-14,Colusa,4,949,0,8
2020-12-15,Colusa,77,1026,0,8
2020-12-16,Colusa,12,1038,0,8
2020-12-17,Colusa,15,1053,0,8
2020-12-18,Colusa,15,1068,0,8
2020-12-19,Colusa,28,1096,0,8
2020-12-20,Colusa,25,1121,0,8
2020-12-21,Colusa,14,1135,0,8
2020-12-22,Colusa,15,1150,0,8
2020-03-18,Lake,0,0,0,0
2020-03-19,Lake,0,0,0,0
2020-03-20,Lake,0,0,0,0
2020-03-21,Lake,0,0,0,0
2020-03-22,Lake,0,0,0,0
2020-03-23,Lake,0,0,0,0
2020-03-24,Lake,0,0,0,0
2020-03-25,Lake,0,0,0,0
2020-03-26,Lake,0,0,0,0
2020-03-27,Lake,0,0,0,0
2020-03-28,Lake,0,0,0,0
2020-03-29,Lake,0,NA,0,NA
2020-03-31,Lake,0,0,0,0
2020-04-01,Lake,0,0,0,0
2020-04-02,Lake,0,0,0,0
2020-04-03,Lake,0,0,0,0
2020-04-04,Lake,0,0,0,0
2020-04-05,Lake,0,0,0,0
2020-04-06,Lake,1,1,0,0
2020-04-07,Lake,0,1,0,0
2020-04-08,Lake,0,1,0,0
2020-04-09,Lake,0,1,0,0
2020-04-10,Lake,2,3,0,0
2020-04-11,Lake,0,3,0,0
2020-04-12,Lake,0,3,0,0
2020-04-13,Lake,0,3,0,0
2020-04-14,Lake,0,3,0,0
2020-04-15,Lake,1,4,0,0
2020-04-16,Lake,2,6,0,0
2020-04-17,Lake,0,6,0,0
2020-04-18,Lake,0,6,0,0
2020-04-19,Lake,0,6,0,0
2020-04-20,Lake,0,6,0,0
2020-04-21,Lake,0,6,0,0
2020-04-22,Lake,0,6,0,0
2020-04-23,Lake,0,6,0,0
2020-04-24,Lake,0,6,0,0
2020-04-25,Lake,0,6,0,0
2020-04-26,Lake,0,6,0,0
2020-04-27,Lake,0,6,0,0
2020-04-28,Lake,0,6,0,0
2020-04-29,Lake,0,6,0,0
2020-04-30,Lake,0,6,0,0
2020-05-01,Lake,0,6,0,0
2020-05-02,Lake,1,7,0,0
2020-05-03,Lake,0,7,0,0
2020-05-04,Lake,0,7,0,0
2020-05-05,Lake,0,7,0,0
2020-05-06,Lake,0,7,0,0
2020-05-07,Lake,0,7,0,0
2020-05-08,Lake,0,7,0,0
2020-05-09,Lake,0,7,0,0
2020-05-10,Lake,0,7,0,0
2020-05-11,Lake,0,7,0,0
2020-05-12,Lake,0,7,0,0
2020-05-13,Lake,0,7,0,0
2020-05-14,Lake,0,7,0,0
2020-05-15,Lake,0,7,0,0
2020-05-16,Lake,0,7,0,0
2020-05-17,Lake,0,7,0,0
2020-05-18,Lake,2,9,0,0
2020-05-19,Lake,2,11,0,0
2020-05-20,Lake,-2,9,0,0
2020-05-21,Lake,1,10,0,0
2020-05-22,Lake,0,10,0,0
2020-05-23,Lake,0,10,0,0
2020-05-24,Lake,2,12,0,0
2020-05-25,Lake,1,13,0,0
2020-05-26,Lake,-1,12,0,0
2020-05-27,Lake,1,13,0,0
2020-05-28,Lake,4,17,0,0
2020-05-29,Lake,0,17,0,0
2020-05-30,Lake,1,18,0,0
2020-05-31,Lake,1,19,0,0
2020-06-01,Lake,3,22,0,0
2020-06-02,Lake,3,25,0,0
2020-06-03,Lake,1,26,0,0
2020-06-04,Lake,1,27,0,0
2020-06-05,Lake,1,28,0,0
2020-06-06,Lake,0,28,0,0
2020-06-07,Lake,0,28,0,0
2020-06-08,Lake,0,28,0,0
2020-06-09,Lake,0,28,0,0
2020-06-10,Lake,0,28,0,0
2020-06-11,Lake,0,28,0,0
2020-06-12,Lake,1,29,0,0
2020-06-13,Lake,0,29,0,0
2020-06-14,Lake,2,31,0,0
2020-06-15,Lake,0,31,0,0
2020-06-16,Lake,0,31,0,0
2020-06-17,Lake,1,32,0,0
2020-06-18,Lake,4,36,0,0
2020-06-19,Lake,0,36,0,0
2020-06-20,Lake,1,37,0,0
2020-06-21,Lake,-1,36,0,0
2020-06-22,Lake,1,37,0,0
2020-06-23,Lake,3,40,0,0
2020-06-24,Lake,0,40,0,0
2020-06-25,Lake,3,43,0,0
2020-06-26,Lake,0,43,0,0
2020-06-27,Lake,0,43,0,0
2020-06-28,Lake,13,56,0,0
2020-06-29,Lake,6,62,0,0
2020-06-30,Lake,6,68,0,0
2020-07-01,Lake,8,76,0,0
2020-07-02,Lake,5,81,0,0
2020-07-03,Lake,2,83,0,0
2020-07-04,Lake,3,86,0,0
2020-07-05,Lake,6,92,0,0
2020-07-06,Lake,1,93,0,0
2020-07-07,Lake,1,94,0,0
2020-07-08,Lake,3,97,1,1
2020-07-09,Lake,2,99,0,1
2020-07-10,Lake,5,104,0,1
2020-07-11,Lake,6,110,0,1
2020-07-12,Lake,4,114,0,1
2020-07-13,Lake,4,118,0,1
2020-07-14,Lake,2,120,0,1
2020-07-15,Lake,2,122,0,1
2020-07-16,Lake,6,128,0,1
2020-07-17,Lake,11,139,0,1
2020-07-18,Lake,3,142,0,1
2020-07-19,Lake,2,144,0,1
2020-07-20,Lake,3,147,0,1
2020-07-21,Lake,10,157,0,1
2020-07-22,Lake,3,160,0,1
2020-07-23,Lake,0,160,0,1
2020-07-24,Lake,7,167,0,1
2020-07-25,Lake,6,173,0,1
2020-07-26,Lake,1,174,0,1
2020-07-27,Lake,2,176,0,1
2020-07-28,Lake,3,179,0,1
2020-07-29,Lake,0,179,0,1
2020-07-30,Lake,2,181,0,1
2020-07-31,Lake,10,191,0,1
2020-08-01,Lake,3,194,0,1
2020-08-02,Lake,7,201,0,1
2020-08-03,Lake,0,201,0,1
2020-08-04,Lake,5,206,0,1
2020-08-05,Lake,3,209,1,2
2020-08-06,Lake,0,209,0,2
2020-08-07,Lake,6,215,0,2
2020-08-08,Lake,6,221,0,2
2020-08-09,Lake,4,225,0,2
2020-08-10,Lake,14,239,0,2
2020-08-11,Lake,4,243,0,2
2020-08-12,Lake,10,253,0,2
2020-08-13,Lake,10,263,0,2
2020-08-14,Lake,4,267,0,2
2020-08-15,Lake,1,268,0,2
2020-08-16,Lake,1,269,0,2
2020-08-17,Lake,1,270,0,2
2020-08-18,Lake,4,274,0,2
2020-08-19,Lake,3,277,0,2
2020-08-20,Lake,3,280,1,3
2020-08-21,Lake,1,281,0,3
2020-08-22,Lake,10,291,0,3
2020-08-23,Lake,8,299,0,3
2020-08-24,Lake,3,302,0,3
2020-08-25,Lake,2,304,0,3
2020-08-26,Lake,4,308,0,3
2020-08-27,Lake,6,314,0,3
2020-08-28,Lake,6,320,0,3
2020-08-29,Lake,9,329,1,4
2020-08-30,Lake,5,334,0,4
2020-08-31,Lake,7,341,0,4
2020-09-01,Lake,0,341,1,5
2020-09-02,Lake,1,342,0,5
2020-09-03,Lake,5,347,0,5
2020-09-04,Lake,0,347,0,5
2020-09-05,Lake,12,359,0,5
2020-09-06,Lake,3,362,0,5
2020-09-07,Lake,5,367,0,5
2020-09-08,Lake,3,370,0,5
2020-09-09,Lake,1,371,1,6
2020-09-10,Lake,6,377,0,6
2020-09-11,Lake,5,382,1,7
2020-09-12,Lake,11,393,0,7
2020-09-13,Lake,4,397,0,7
2020-09-14,Lake,10,407,0,7
2020-09-15,Lake,9,416,0,7
2020-09-16,Lake,1,417,0,7
2020-09-17,Lake,16,433,3,10
2020-09-18,Lake,25,458,0,10
2020-09-19,Lake,7,465,0,10
2020-09-20,Lake,27,492,0,10
2020-09-21,Lake,16,508,1,11
2020-09-22,Lake,8,516,0,11
2020-09-23,Lake,3,519,0,11
2020-09-24,Lake,12,531,0,11
2020-09-25,Lake,8,539,0,11
2020-09-26,Lake,10,549,0,11
2020-09-27,Lake,6,555,0,11
2020-09-28,Lake,4,559,0,11
2020-09-29,Lake,7,566,0,11
2020-09-30,Lake,1,567,0,11
2020-10-01,Lake,5,572,0,11
2020-10-02,Lake,7,579,0,11
2020-10-03,Lake,9,588,0,11
2020-10-04,Lake,1,589,0,11
2020-10-05,Lake,3,592,1,12
2020-10-06,Lake,4,596,0,12
2020-10-07,Lake,3,599,0,12
2020-10-08,Lake,5,604,0,12
2020-10-09,Lake,6,610,1,13
2020-10-10,Lake,20,630,0,13
2020-10-11,Lake,1,631,0,13
2020-10-12,Lake,2,633,0,13
2020-10-13,Lake,6,639,1,14
2020-10-14,Lake,3,642,0,14
2020-10-15,Lake,0,642,0,14
2020-10-16,Lake,2,644,1,15
2020-10-17,Lake,19,663,0,15
2020-10-18,Lake,7,670,0,15
2020-10-19,Lake,3,673,0,15
2020-10-20,Lake,2,675,0,15
2020-10-21,Lake,1,676,0,15
2020-10-22,Lake,2,678,0,15
2020-10-23,Lake,11,689,0,15
2020-10-24,Lake,7,696,0,15
2020-10-25,Lake,-1,695,0,15
2020-10-26,Lake,2,697,1,16
2020-10-27,Lake,3,700,0,16
2020-10-28,Lake,0,700,0,16
2020-10-29,Lake,2,702,1,17
2020-10-30,Lake,18,720,0,17
2020-10-31,Lake,4,724,1,18
2020-11-01,Lake,3,727,0,18
2020-11-02,Lake,1,728,-1,17
2020-11-03,Lake,4,732,0,17
2020-11-04,Lake,3,735,0,17
2020-11-05,Lake,4,739,0,17
2020-11-06,Lake,2,741,0,17
2020-11-07,Lake,10,751,0,17
2020-11-08,Lake,3,754,0,17
2020-11-09,Lake,1,755,0,17
2020-11-10,Lake,7,762,0,17
2020-11-11,Lake,1,763,0,17
2020-11-12,Lake,1,764,0,17
2020-11-13,Lake,6,770,0,17
2020-11-14,Lake,3,773,0,17
2020-11-15,Lake,4,777,0,17
2020-11-16,Lake,7,784,1,18
2020-11-17,Lake,8,792,0,18
2020-11-18,Lake,10,802,0,18
2020-11-19,Lake,7,809,0,18
2020-11-20,Lake,11,820,0,18
2020-11-21,Lake,12,832,0,18
2020-11-22,Lake,2,834,0,18
2020-11-23,Lake,6,840,1,19
2020-11-24,Lake,32,872,0,19
2020-11-25,Lake,6,878,0,19
2020-11-26,Lake,12,890,0,19
2020-11-27,Lake,19,909,0,19
2020-11-28,Lake,11,920,0,19
2020-11-29,Lake,7,927,0,19
2020-11-30,Lake,12,939,1,20
2020-12-01,Lake,30,969,0,20
2020-12-02,Lake,2,971,1,21
2020-12-03,Lake,20,991,0,21
2020-12-04,Lake,27,1018,0,21
2020-12-05,Lake,51,1069,0,21
2020-12-06,Lake,6,1075,0,21
2020-12-07,Lake,15,1090,0,21
2020-12-08,Lake,37,1127,0,21
2020-12-09,Lake,31,1158,1,22
2020-12-10,Lake,9,1167,0,22
2020-12-11,Lake,38,1205,0,22
2020-12-12,Lake,27,1232,0,22
2020-12-13,Lake,39,1271,0,22
2020-12-14,Lake,30,1301,0,22
2020-12-15,Lake,40,1341,0,22
2020-12-16,Lake,22,1363,-1,21
2020-12-17,Lake,11,1374,0,21
2020-12-18,Lake,23,1397,0,21
2020-12-19,Lake,41,1438,0,21
2020-12-20,Lake,25,1463,0,21
2020-12-21,Lake,75,1538,1,22
2020-12-22,Lake,31,1569,0,22
2020-04-03,Modoc,0,0,0,0
2020-04-04,Modoc,0,0,0,0
2020-04-05,Modoc,0,0,0,0
2020-04-06,Modoc,0,0,0,0
2020-04-07,Modoc,0,0,0,0
2020-04-08,Modoc,0,0,0,0
2020-04-09,Modoc,0,0,0,0
2020-04-10,Modoc,0,0,0,0
2020-04-11,Modoc,0,0,0,0
2020-04-12,Modoc,0,0,0,0
2020-04-13,Modoc,0,0,0,0
2020-04-14,Modoc,0,0,0,0
2020-04-15,Modoc,0,0,0,0
2020-04-16,Modoc,0,0,0,0
2020-04-17,Modoc,0,0,0,0
2020-04-18,Modoc,0,0,0,0
2020-04-19,Modoc,0,0,0,0
2020-04-20,Modoc,0,0,0,0
2020-04-21,Modoc,0,0,0,0
2020-04-22,Modoc,0,0,0,0
2020-04-23,Modoc,0,0,0,0
2020-04-24,Modoc,0,0,0,0
2020-04-25,Modoc,0,0,0,0
2020-04-26,Modoc,0,0,0,0
2020-04-27,Modoc,0,0,0,0
2020-04-28,Modoc,0,0,0,0
2020-04-29,Modoc,0,0,0,0
2020-04-30,Modoc,0,0,0,0
2020-05-01,Modoc,0,0,0,0
2020-05-02,Modoc,0,0,0,0
2020-05-03,Modoc,0,0,0,0
2020-05-04,Modoc,0,0,0,0
2020-05-05,Modoc,0,0,0,0
2020-05-06,Modoc,0,0,0,0
2020-05-07,Modoc,0,0,0,0
2020-05-08,Modoc,0,0,0,0
2020-05-09,Modoc,0,0,0,0
2020-05-10,Modoc,0,0,0,0
2020-05-11,Modoc,0,0,0,0
2020-05-12,Modoc,0,0,0,0
2020-05-13,Modoc,0,0,0,0
2020-05-14,Modoc,0,0,0,0
2020-05-15,Modoc,0,0,0,0
2020-05-16,Modoc,0,0,0,0
2020-05-17,Modoc,0,0,0,0
2020-05-18,Modoc,0,0,0,0
2020-05-19,Modoc,0,0,0,0
2020-05-20,Modoc,0,0,0,0
2020-05-21,Modoc,0,0,0,0
2020-05-22,Modoc,0,0,0,0
2020-05-23,Modoc,0,0,0,0
2020-05-24,Modoc,0,0,0,0
2020-05-25,Modoc,1,1,0,0
2020-05-26,Modoc,0,1,0,0
2020-05-27,Modoc,-1,0,0,0
2020-05-28,Modoc,0,0,0,0
2020-05-29,Modoc,0,0,0,0
2020-05-30,Modoc,0,0,0,0
2020-05-31,Modoc,0,0,0,0
2020-06-01,Modoc,0,0,0,0
2020-06-02,Modoc,0,0,0,0
2020-06-03,Modoc,0,0,0,0
2020-06-04,Modoc,0,0,0,0
2020-06-05,Modoc,0,0,0,0
2020-06-06,Modoc,0,0,0,0
2020-06-07,Modoc,0,0,0,0
2020-06-08,Modoc,0,0,0,0
2020-06-09,Modoc,0,0,0,0
2020-06-10,Modoc,0,0,0,0
2020-06-11,Modoc,0,0,0,0
2020-06-12,Modoc,0,0,0,0
2020-06-13,Modoc,0,0,0,0
2020-06-14,Modoc,0,0,0,0
2020-06-15,Modoc,0,0,0,0
2020-06-16,Modoc,0,0,0,0
2020-06-17,Modoc,0,0,0,0
2020-06-18,Modoc,0,0,0,0
2020-06-19,Modoc,0,0,0,0
2020-06-20,Modoc,0,0,0,0
2020-06-21,Modoc,0,0,0,0
2020-06-22,Modoc,0,0,0,0
2020-06-23,Modoc,0,0,0,0
2020-06-24,Modoc,0,0,0,0
2020-06-25,Modoc,0,0,0,0
2020-06-26,Modoc,0,0,0,0
2020-06-27,Modoc,0,0,0,0
2020-06-28,Modoc,0,0,0,0
2020-06-29,Modoc,0,0,0,0
2020-06-30,Modoc,0,0,0,0
2020-07-01,Modoc,0,0,0,0
2020-07-02,Modoc,0,0,0,0
2020-07-03,Modoc,0,0,0,0
2020-07-04,Modoc,0,0,0,0
2020-07-05,Modoc,0,0,0,0
2020-07-06,Modoc,0,0,0,0
2020-07-07,Modoc,0,0,0,0
2020-07-08,Modoc,0,0,0,0
2020-07-09,Modoc,0,0,0,0
2020-07-10,Modoc,0,0,0,0
2020-07-11,Modoc,0,0,0,0
2020-07-12,Modoc,0,0,0,0
2020-07-13,Modoc,0,0,0,0
2020-07-14,Modoc,0,0,0,0
2020-07-15,Modoc,0,0,0,0
2020-07-16,Modoc,0,0,0,0
2020-07-17,Modoc,0,0,0,0
2020-07-18,Modoc,0,0,0,0
2020-07-19,Modoc,0,0,0,0
2020-07-20,Modoc,0,0,0,0
2020-07-21,Modoc,0,0,0,0
2020-07-22,Modoc,0,0,0,0
2020-07-23,Modoc,0,0,0,0
2020-07-24,Modoc,0,0,0,0
2020-07-25,Modoc,0,0,0,0
2020-07-26,Modoc,0,0,0,0
2020-07-27,Modoc,0,0,0,0
2020-07-28,Modoc,0,0,0,0
2020-07-29,Modoc,0,0,0,0
2020-07-30,Modoc,0,0,0,0
2020-07-31,Modoc,0,0,0,0
2020-08-01,Modoc,2,2,0,0
2020-08-02,Modoc,0,2,0,0
2020-08-03,Modoc,0,2,0,0
2020-08-04,Modoc,1,3,0,0
2020-08-05,Modoc,0,3,0,0
2020-08-06,Modoc,1,4,0,0
2020-08-07,Modoc,0,4,0,0
2020-08-08,Modoc,0,4,0,0
2020-08-09,Modoc,0,4,0,0
2020-08-10,Modoc,1,5,0,0
2020-08-11,Modoc,0,5,0,0
2020-08-12,Modoc,0,5,0,0
2020-08-13,Modoc,0,5,0,0
2020-08-14,Modoc,0,5,0,0
2020-08-15,Modoc,0,5,0,0
2020-08-16,Modoc,0,5,0,0
2020-08-17,Modoc,0,5,0,0
2020-08-18,Modoc,0,5,0,0
2020-08-19,Modoc,0,5,0,0
2020-08-20,Modoc,0,5,0,0
2020-08-21,Modoc,0,5,0,0
2020-08-22,Modoc,0,5,0,0
2020-08-23,Modoc,0,5,0,0
2020-08-24,Modoc,0,5,0,0
2020-08-25,Modoc,0,5,0,0
2020-08-26,Modoc,0,5,0,0
2020-08-27,Modoc,0,5,0,0
2020-08-28,Modoc,1,6,0,0
2020-08-29,Modoc,3,9,0,0
2020-08-30,Modoc,1,10,0,0
2020-08-31,Modoc,0,10,0,0
2020-09-01,Modoc,0,10,0,0
2020-09-02,Modoc,1,11,0,0
2020-09-03,Modoc,3,14,0,0
2020-09-04,Modoc,1,15,0,0
2020-09-05,Modoc,4,19,0,0
2020-09-06,Modoc,1,20,0,0
2020-09-07,Modoc,0,20,0,0
2020-09-08,Modoc,0,20,0,0
2020-09-09,Modoc,0,20,0,0
2020-09-10,Modoc,1,21,0,0
2020-09-11,Modoc,0,21,0,0
2020-09-12,Modoc,0,21,0,0
2020-09-13,Modoc,0,21,0,0
2020-09-14,Modoc,0,21,0,0
2020-09-15,Modoc,0,21,0,0
2020-09-16,Modoc,1,22,0,0
2020-09-17,Modoc,0,22,0,0
2020-09-18,Modoc,0,22,0,0
2020-09-19,Modoc,0,22,0,0
2020-09-20,Modoc,0,22,0,0
2020-09-21,Modoc,0,22,0,0
2020-09-22,Modoc,2,24,0,0
2020-09-23,Modoc,0,24,0,0
2020-09-24,Modoc,0,24,0,0
2020-09-25,Modoc,2,26,0,0
2020-09-26,Modoc,0,26,0,0
2020-09-27,Modoc,0,26,0,0
2020-09-28,Modoc,0,26,0,0
2020-09-29,Modoc,0,26,0,0
2020-09-30,Modoc,0,26,0,0
2020-10-01,Modoc,0,26,0,0
2020-10-02,Modoc,0,26,0,0
2020-10-03,Modoc,0,26,0,0
2020-10-04,Modoc,0,26,0,0
2020-10-05,Modoc,0,26,0,0
2020-10-06,Modoc,0,26,0,0
2020-10-07,Modoc,1,27,0,0
2020-10-08,Modoc,0,27,0,0
2020-10-09,Modoc,0,27,0,0
2020-10-10,Modoc,0,27,0,0
2020-10-11,Modoc,0,27,0,0
2020-10-12,Modoc,0,27,0,0
2020-10-13,Modoc,1,28,0,0
2020-10-14,Modoc,-1,27,0,0
2020-10-15,Modoc,-1,26,0,0
2020-10-16,Modoc,0,26,0,0
2020-10-17,Modoc,0,26,0,0
2020-10-18,Modoc,0,26,0,0
2020-10-19,Modoc,0,26,0,0
2020-10-20,Modoc,0,26,0,0
2020-10-21,Modoc,0,26,0,0
2020-10-22,Modoc,0,26,0,0
2020-10-23,Modoc,2,28,0,0
2020-10-24,Modoc,0,28,0,0
2020-10-25,Modoc,0,28,0,0
2020-10-26,Modoc,0,28,0,0
2020-10-27,Modoc,3,31,0,0
2020-10-28,Modoc,0,31,0,0
2020-10-29,Modoc,0,31,0,0
2020-10-30,Modoc,3,34,0,0
2020-10-31,Modoc,0,34,0,0
2020-11-01,Modoc,11,45,0,0
2020-11-02,Modoc,0,45,0,0
2020-11-03,Modoc,2,47,0,0
2020-11-04,Modoc,0,47,0,0
2020-11-05,Modoc,0,47,0,0
2020-11-06,Modoc,1,48,0,0
2020-11-07,Modoc,3,51,0,0
2020-11-08,Modoc,3,54,0,0
2020-11-09,Modoc,0,54,0,0
2020-11-10,Modoc,7,61,0,0
2020-11-11,Modoc,1,62,0,0
2020-11-12,Modoc,1,63,0,0
2020-11-13,Modoc,0,63,0,0
2020-11-14,Modoc,1,64,0,0
2020-11-15,Modoc,4,68,0,0
2020-11-16,Modoc,3,71,0,0
2020-11-17,Modoc,0,71,0,0
2020-11-18,Modoc,6,77,0,0
2020-11-19,Modoc,5,82,0,0
2020-11-20,Modoc,1,83,0,0
2020-11-21,Modoc,4,87,0,0
2020-11-22,Modoc,0,87,0,0
2020-11-23,Modoc,4,91,0,0
2020-11-24,Modoc,0,91,0,0
2020-11-25,Modoc,5,96,0,0
2020-11-26,Modoc,4,100,0,0
2020-11-27,Modoc,0,100,0,0
2020-11-28,Modoc,3,103,0,0
2020-11-29,Modoc,2,105,0,0
2020-11-30,Modoc,8,113,0,0
2020-12-01,Modoc,0,113,0,0
2020-12-02,Modoc,0,113,0,0
2020-12-03,Modoc,1,114,0,0
2020-12-04,Modoc,1,115,0,0
2020-12-05,Modoc,3,118,0,0
2020-12-06,Modoc,7,125,0,0
2020-12-07,Modoc,3,128,0,0
2020-12-08,Modoc,10,138,0,0
2020-12-09,Modoc,8,146,0,0
2020-12-10,Modoc,19,165,0,0
2020-12-11,Modoc,3,168,0,0
2020-12-12,Modoc,1,169,0,0
2020-12-13,Modoc,10,179,0,0
2020-12-14,Modoc,1,180,0,0
2020-12-15,Modoc,-1,179,0,0
2020-12-16,Modoc,-1,178,0,0
2020-12-17,Modoc,1,179,0,0
2020-12-18,Modoc,0,179,0,0
2020-12-19,Modoc,2,181,0,0
2020-12-20,Modoc,0,181,0,0
2020-12-21,Modoc,0,181,0,0
2020-12-22,Modoc,1,182,0,0
2020-03-18,Tulare,3,3,0,0
2020-03-19,Tulare,0,3,0,0
2020-03-20,Tulare,1,4,0,0
2020-03-21,Tulare,1,5,0,0
2020-03-22,Tulare,0,5,0,0
2020-03-23,Tulare,4,9,0,0
2020-03-24,Tulare,1,10,0,0
2020-03-25,Tulare,1,11,0,0
2020-03-26,Tulare,4,15,0,0
2020-03-27,Tulare,0,15,0,0
2020-03-28,Tulare,8,23,0,0
2020-03-29,Tulare,1,24,1,1
2020-03-30,Tulare,16,40,0,1
2020-03-31,Tulare,2,42,0,1
2020-04-01,Tulare,1,43,0,1
2020-04-02,Tulare,21,64,0,1
2020-04-03,Tulare,9,73,2,3
2020-04-04,Tulare,6,79,1,4
2020-04-05,Tulare,2,81,0,4
2020-04-06,Tulare,45,126,1,5
2020-04-07,Tulare,18,144,0,5
2020-04-08,Tulare,1,145,1,6
2020-04-09,Tulare,2,147,3,9
2020-04-10,Tulare,16,163,2,11
2020-04-11,Tulare,5,168,0,11
2020-04-12,Tulare,-2,166,0,11
2020-04-13,Tulare,20,186,2,13
2020-04-14,Tulare,42,228,0,13
2020-04-15,Tulare,61,289,2,15
2020-04-16,Tulare,16,305,2,17
2020-04-17,Tulare,65,370,0,17
2020-04-18,Tulare,15,385,0,17
2020-04-19,Tulare,6,391,0,17
2020-04-20,Tulare,10,401,1,18
2020-04-21,Tulare,9,410,4,22
2020-04-22,Tulare,15,425,3,25
2020-04-23,Tulare,15,440,0,25
2020-04-24,Tulare,19,459,3,28
2020-04-25,Tulare,19,478,4,32
2020-04-26,Tulare,19,497,0,32
2020-04-27,Tulare,38,535,0,32
2020-04-28,Tulare,44,579,3,35
2020-04-29,Tulare,36,615,1,36
2020-04-30,Tulare,22,637,4,40
2020-05-01,Tulare,48,685,0,40
2020-05-02,Tulare,26,711,0,40
2020-05-03,Tulare,25,736,0,40
2020-05-04,Tulare,24,760,0,40
2020-05-05,Tulare,109,869,0,40
2020-05-06,Tulare,94,963,1,41
2020-05-07,Tulare,38,1001,2,43
2020-05-08,Tulare,49,1050,1,44
2020-05-09,Tulare,33,1083,3,47
2020-05-10,Tulare,60,1143,1,48
2020-05-11,Tulare,60,1203,2,50
2020-05-12,Tulare,58,1261,2,52
2020-05-13,Tulare,22,1283,2,54
2020-05-14,Tulare,34,1317,0,54
2020-05-15,Tulare,39,1356,10,64
2020-05-16,Tulare,70,1426,3,67
2020-05-17,Tulare,4,1430,0,67
2020-05-18,Tulare,61,1491,0,67
2020-05-19,Tulare,60,1551,4,71
2020-05-20,Tulare,34,1585,2,73
2020-05-21,Tulare,21,1606,1,74
2020-05-22,Tulare,56,1662,1,75
2020-05-23,Tulare,20,1682,0,75
2020-05-24,Tulare,2,1684,0,75
2020-05-25,Tulare,63,1747,0,75
2020-05-26,Tulare,21,1768,4,79
2020-05-27,Tulare,49,1817,0,79
2020-05-28,Tulare,15,1832,1,80
2020-05-29,Tulare,20,1852,4,84
2020-05-30,Tulare,27,1879,0,84
2020-05-31,Tulare,5,1884,0,84
2020-06-01,Tulare,92,1976,5,89
2020-06-02,Tulare,36,2012,0,89
2020-06-03,Tulare,29,2041,1,90
2020-06-04,Tulare,45,2086,2,92
2020-06-05,Tulare,94,2180,0,92
2020-06-06,Tulare,33,2213,0,92
2020-06-07,Tulare,6,2219,0,92
2020-06-08,Tulare,82,2301,2,94
2020-06-09,Tulare,92,2393,0,94
2020-06-10,Tulare,62,2455,2,96
2020-06-11,Tulare,18,2473,2,98
2020-06-12,Tulare,79,2552,0,98
2020-06-13,Tulare,74,2626,0,98
2020-06-14,Tulare,20,2646,0,98
2020-06-15,Tulare,16,2662,0,98
2020-06-16,Tulare,140,2802,0,98
2020-06-17,Tulare,80,2882,8,106
2020-06-18,Tulare,123,3005,1,107
2020-06-19,Tulare,48,3053,4,111
2020-06-20,Tulare,119,3172,0,111
2020-06-21,Tulare,1,3173,0,111
2020-06-22,Tulare,12,3185,2,113
2020-06-23,Tulare,271,3456,3,116
2020-06-24,Tulare,85,3541,2,118
2020-06-25,Tulare,127,3668,1,119
2020-06-26,Tulare,75,3743,3,122
2020-06-27,Tulare,104,3847,0,122
2020-06-28,Tulare,76,3923,0,122
2020-06-29,Tulare,214,4137,2,124
2020-06-30,Tulare,169,4306,2,126
2020-07-01,Tulare,78,4384,2,128
2020-07-02,Tulare,175,4559,5,133
2020-07-03,Tulare,97,4656,3,136
2020-07-04,Tulare,146,4802,0,136
2020-07-05,Tulare,179,4981,0,136
2020-07-06,Tulare,58,5039,0,136
2020-07-07,Tulare,150,5189,3,139
2020-07-08,Tulare,118,5307,9,148
2020-07-09,Tulare,194,5501,0,148
2020-07-10,Tulare,176,5677,4,152
2020-07-11,Tulare,103,5780,0,152
2020-07-12,Tulare,84,5864,0,152
2020-07-13,Tulare,66,5930,0,152
2020-07-14,Tulare,269,6199,1,153
2020-07-15,Tulare,121,6320,0,153
2020-07-16,Tulare,147,6467,8,161
2020-07-17,Tulare,204,6671,4,165
2020-07-18,Tulare,139,6810,0,165
2020-07-19,Tulare,46,6856,0,165
2020-07-20,Tulare,118,6974,2,167
2020-07-21,Tulare,473,7447,1,168
2020-07-22,Tulare,193,7640,0,168
2020-07-23,Tulare,258,7898,0,168
2020-07-24,Tulare,269,8167,0,168
2020-07-25,Tulare,143,8310,0,168
2020-07-26,Tulare,82,8392,0,168
2020-07-27,Tulare,70,8462,0,168
2020-07-28,Tulare,325,8787,5,173
2020-07-29,Tulare,241,9028,0,173
2020-07-30,Tulare,139,9167,0,173
2020-07-31,Tulare,198,9365,5,178
2020-08-01,Tulare,155,9520,0,178
2020-08-02,Tulare,73,9593,0,178
2020-08-03,Tulare,110,9703,11,189
2020-08-04,Tulare,163,9866,4,193
2020-08-05,Tulare,58,9924,0,193
2020-08-06,Tulare,245,10169,3,196
2020-08-07,Tulare,123,10292,0,196
2020-08-08,Tulare,213,10505,0,196
2020-08-09,Tulare,125,10630,0,196
2020-08-10,Tulare,120,10750,0,196
2020-08-11,Tulare,642,11392,2,198
2020-08-12,Tulare,68,11460,7,205
2020-08-13,Tulare,232,11692,0,205
2020-08-14,Tulare,317,12009,0,205
2020-08-15,Tulare,253,12262,0,205
2020-08-16,Tulare,72,12334,0,205
2020-08-17,Tulare,153,12487,1,206
2020-08-18,Tulare,150,12637,0,206
2020-08-19,Tulare,119,12756,2,208
2020-08-20,Tulare,151,12907,0,208
2020-08-21,Tulare,95,13002,2,210
2020-08-22,Tulare,194,13196,0,210
2020-08-23,Tulare,107,13303,0,210
2020-08-24,Tulare,57,13360,6,216
2020-08-25,Tulare,154,13514,0,216
2020-08-26,Tulare,54,13568,8,224
2020-08-27,Tulare,98,13666,5,229
2020-08-28,Tulare,110,13776,3,232
2020-08-29,Tulare,114,13890,0,232
2020-08-30,Tulare,95,13985,0,232
2020-08-31,Tulare,0,13985,0,232
2020-09-01,Tulare,171,14156,2,234
2020-09-02,Tulare,142,14298,6,240
2020-09-03,Tulare,110,14408,3,243
2020-09-04,Tulare,93,14501,0,243
2020-09-05,Tulare,75,14576,0,243
2020-09-06,Tulare,60,14636,0,243
2020-09-07,Tulare,1,14637,0,243
2020-09-08,Tulare,-2,14635,3,246
2020-09-09,Tulare,152,14787,0,246
2020-09-10,Tulare,73,14860,0,246
2020-09-11,Tulare,72,14932,1,247
2020-09-12,Tulare,86,15018,0,247
2020-09-13,Tulare,80,15098,0,247
2020-09-14,Tulare,-2,15096,0,247
2020-09-15,Tulare,107,15203,6,253
2020-09-16,Tulare,111,15314,2,255
2020-09-17,Tulare,30,15344,1,256
2020-09-18,Tulare,91,15435,0,256
2020-09-19,Tulare,50,15485,0,256
2020-09-20,Tulare,43,15528,0,256
2020-09-21,Tulare,0,15528,0,256
2020-09-22,Tulare,88,15616,1,257
2020-09-23,Tulare,48,15664,2,259
2020-09-24,Tulare,90,15754,0,259
2020-09-25,Tulare,61,15815,0,259
2020-09-26,Tulare,66,15881,4,263
2020-09-27,Tulare,37,15918,0,263
2020-09-28,Tulare,0,15918,0,263
2020-09-29,Tulare,137,16055,0,263
2020-09-30,Tulare,62,16117,0,263
2020-10-01,Tulare,65,16182,0,263
2020-10-02,Tulare,63,16245,2,265
2020-10-03,Tulare,77,16322,0,265
2020-10-04,Tulare,21,16343,0,265
2020-10-05,Tulare,0,16343,0,265
2020-10-06,Tulare,113,16456,0,265
2020-10-07,Tulare,27,16483,2,267
2020-10-08,Tulare,90,16573,2,269
2020-10-09,Tulare,71,16644,0,269
2020-10-10,Tulare,65,16709,0,269
2020-10-11,Tulare,32,16741,0,269
2020-10-12,Tulare,1,16742,0,269
2020-10-13,Tulare,80,16822,0,269
2020-10-14,Tulare,41,16863,4,273
2020-10-15,Tulare,55,16918,1,274
2020-10-16,Tulare,47,16965,1,275
2020-10-17,Tulare,30,16995,0,275
2020-10-18,Tulare,53,17048,0,275
2020-10-19,Tulare,-1,17047,1,276
2020-10-20,Tulare,109,17156,3,279
2020-10-21,Tulare,48,17204,3,282
2020-10-22,Tulare,61,17265,2,284
2020-10-23,Tulare,69,17334,2,286
2020-10-24,Tulare,72,17406,0,286
2020-10-25,Tulare,25,17431,0,286
2020-10-26,Tulare,1,17432,2,288
2020-10-27,Tulare,88,17520,0,288
2020-10-28,Tulare,49,17569,3,291
2020-10-29,Tulare,58,17627,1,292
2020-10-30,Tulare,55,17682,1,293
2020-10-31,Tulare,76,17758,0,293
2020-11-01,Tulare,16,17774,0,293
2020-11-02,Tulare,0,17774,2,295
2020-11-03,Tulare,116,17890,0,295
2020-11-04,Tulare,62,17952,2,297
2020-11-05,Tulare,97,18049,0,297
2020-11-06,Tulare,87,18136,0,297
2020-11-07,Tulare,74,18210,0,297
2020-11-08,Tulare,62,18272,0,297
2020-11-09,Tulare,0,18272,0,297
2020-11-10,Tulare,158,18430,2,299
2020-11-11,Tulare,70,18500,0,299
2020-11-12,Tulare,45,18545,0,299
2020-11-13,Tulare,169,18714,1,300
2020-11-14,Tulare,139,18853,0,300
2020-11-15,Tulare,38,18891,0,300
2020-11-16,Tulare,0,18891,0,300
2020-11-17,Tulare,285,19176,1,301
2020-11-18,Tulare,110,19286,0,301
2020-11-19,Tulare,98,19384,2,303
2020-11-20,Tulare,184,19568,0,303
2020-11-21,Tulare,184,19752,0,303
2020-11-22,Tulare,66,19818,0,303
2020-11-23,Tulare,0,19818,1,304
2020-11-24,Tulare,501,20319,1,305
2020-11-25,Tulare,209,20528,3,308
2020-11-26,Tulare,121,20649,0,308
2020-11-27,Tulare,-15,20634,0,308
2020-11-28,Tulare,67,20701,0,308
2020-11-29,Tulare,92,20793,0,308
2020-11-30,Tulare,40,20833,4,312
2020-12-01,Tulare,812,21645,0,312
2020-12-02,Tulare,144,21789,2,314
2020-12-03,Tulare,204,21993,1,315
2020-12-04,Tulare,280,22273,2,317
2020-12-05,Tulare,387,22660,0,317
2020-12-06,Tulare,96,22756,0,317
2020-12-07,Tulare,4,22760,0,317
2020-12-08,Tulare,847,23607,2,319
2020-12-09,Tulare,517,24124,4,323
2020-12-10,Tulare,382,24506,3,326
2020-12-11,Tulare,447,24953,1,327
2020-12-12,Tulare,380,25333,0,327
2020-12-13,Tulare,163,25496,0,327
2020-12-14,Tulare,239,25735,3,330
2020-12-15,Tulare,1291,27026,2,332
2020-12-16,Tulare,474,27500,7,339
2020-12-17,Tulare,352,27852,7,346
2020-12-18,Tulare,470,28322,7,353
2020-12-19,Tulare,412,28734,0,353
2020-12-20,Tulare,344,29078,0,353
2020-12-21,Tulare,404,29482,1,354
2020-12-22,Tulare,543,30025,6,360
2020-03-18,San Benito,3,3,0,0
2020-03-19,San Benito,0,3,0,0
2020-03-20,San Benito,1,4,1,1
2020-03-21,San Benito,0,4,0,1
2020-03-22,San Benito,0,4,0,1
2020-03-23,San Benito,0,4,0,1
2020-03-24,San Benito,0,4,0,1
2020-03-25,San Benito,0,4,0,1
2020-03-26,San Benito,4,8,0,1
2020-03-27,San Benito,1,9,0,1
2020-03-28,San Benito,1,10,0,1
2020-03-29,San Benito,0,10,0,1
2020-03-30,San Benito,1,11,0,1
2020-03-31,San Benito,3,14,0,1
2020-04-01,San Benito,0,14,0,1
2020-04-02,San Benito,4,18,0,1
2020-04-03,San Benito,4,22,0,1
2020-04-04,San Benito,0,22,0,1
2020-04-05,San Benito,0,22,0,1
2020-04-06,San Benito,3,25,0,1
2020-04-07,San Benito,1,26,1,2
2020-04-08,San Benito,5,31,0,2
2020-04-09,San Benito,1,32,0,2
2020-04-10,San Benito,0,32,0,2
2020-04-11,San Benito,1,33,0,2
2020-04-12,San Benito,0,33,0,2
2020-04-13,San Benito,0,33,0,2
2020-04-14,San Benito,1,34,0,2
2020-04-15,San Benito,0,34,0,2
2020-04-16,San Benito,2,36,0,2
2020-04-17,San Benito,2,38,0,2
2020-04-18,San Benito,2,40,0,2
2020-04-19,San Benito,0,40,0,2
2020-04-20,San Benito,3,43,0,2
2020-04-21,San Benito,0,43,0,2
2020-04-22,San Benito,0,43,0,2
2020-04-23,San Benito,0,43,0,2
2020-04-24,San Benito,2,45,0,2
2020-04-25,San Benito,0,45,0,2
2020-04-26,San Benito,0,45,0,2
2020-04-27,San Benito,0,45,0,2
2020-04-28,San Benito,1,46,0,2
2020-04-29,San Benito,2,48,0,2
2020-04-30,San Benito,0,48,0,2
2020-05-01,San Benito,1,49,0,2
2020-05-02,San Benito,0,49,0,2
2020-05-03,San Benito,0,49,0,2
2020-05-04,San Benito,0,49,0,2
2020-05-05,San Benito,1,50,0,2
2020-05-06,San Benito,0,50,0,2
2020-05-07,San Benito,0,50,0,2
2020-05-08,San Benito,1,51,0,2
2020-05-09,San Benito,1,52,0,2
2020-05-10,San Benito,0,52,0,2
2020-05-11,San Benito,0,52,0,2
2020-05-12,San Benito,3,55,0,2
2020-05-13,San Benito,0,55,0,2
2020-05-14,San Benito,1,56,0,2
2020-05-15,San Benito,1,57,0,2
2020-05-16,San Benito,1,58,0,2
2020-05-17,San Benito,1,59,0,2
2020-05-18,San Benito,0,59,0,2
2020-05-19,San Benito,0,59,0,2
2020-05-20,San Benito,2,61,0,2
2020-05-21,San Benito,0,61,0,2
2020-05-22,San Benito,3,64,0,2
2020-05-23,San Benito,3,67,0,2
2020-05-24,San Benito,0,67,0,2
2020-05-25,San Benito,3,70,0,2
2020-05-26,San Benito,-1,69,0,2
2020-05-27,San Benito,5,74,0,2
2020-05-28,San Benito,8,82,0,2
2020-05-29,San Benito,2,84,0,2
2020-05-30,San Benito,1,85,0,2
2020-05-31,San Benito,0,85,0,2
2020-06-01,San Benito,1,86,0,2
2020-06-02,San Benito,0,86,0,2
2020-06-03,San Benito,2,88,0,2
2020-06-04,San Benito,0,88,0,2
2020-06-05,San Benito,4,92,0,2
2020-06-06,San Benito,0,92,0,2
2020-06-07,San Benito,0,92,0,2
2020-06-08,San Benito,1,93,0,2
2020-06-09,San Benito,2,95,0,2
2020-06-10,San Benito,-1,94,0,2
2020-06-11,San Benito,0,94,0,2
2020-06-12,San Benito,2,96,0,2
2020-06-13,San Benito,3,99,0,2
2020-06-14,San Benito,5,104,0,2
2020-06-15,San Benito,4,108,0,2
2020-06-16,San Benito,2,110,0,2
2020-06-17,San Benito,6,116,0,2
2020-06-18,San Benito,18,134,0,2
2020-06-19,San Benito,2,136,0,2
2020-06-20,San Benito,3,139,0,2
2020-06-21,San Benito,12,151,0,2
2020-06-22,San Benito,13,164,0,2
2020-06-23,San Benito,3,167,0,2
2020-06-24,San Benito,4,171,0,2
2020-06-25,San Benito,4,175,0,2
2020-06-26,San Benito,2,177,0,2
2020-06-27,San Benito,6,183,0,2
2020-06-28,San Benito,11,194,0,2
2020-06-29,San Benito,10,204,0,2
2020-06-30,San Benito,8,212,0,2
2020-07-01,San Benito,7,219,0,2
2020-07-02,San Benito,17,236,0,2
2020-07-03,San Benito,7,243,0,2
2020-07-04,San Benito,12,255,0,2
2020-07-05,San Benito,3,258,0,2
2020-07-06,San Benito,6,264,0,2
2020-07-07,San Benito,10,274,0,2
2020-07-08,San Benito,8,282,0,2
2020-07-09,San Benito,13,295,0,2
2020-07-10,San Benito,7,302,0,2
2020-07-11,San Benito,12,314,0,2
2020-07-12,San Benito,10,324,0,2
2020-07-13,San Benito,19,343,0,2
2020-07-14,San Benito,17,360,0,2
2020-07-15,San Benito,28,388,0,2
2020-07-16,San Benito,1,389,0,2
2020-07-17,San Benito,10,399,0,2
2020-07-18,San Benito,8,407,0,2
2020-07-19,San Benito,5,412,0,2
2020-07-20,San Benito,21,433,0,2
2020-07-21,San Benito,11,444,0,2
2020-07-22,San Benito,21,465,0,2
2020-07-23,San Benito,13,478,0,2
2020-07-24,San Benito,7,485,0,2
2020-07-25,San Benito,7,492,0,2
2020-07-26,San Benito,3,495,0,2
2020-07-27,San Benito,3,498,0,2
2020-07-28,San Benito,5,503,1,3
2020-07-29,San Benito,34,537,1,4
2020-07-30,San Benito,21,558,0,4
2020-07-31,San Benito,9,567,0,4
2020-08-01,San Benito,12,579,0,4
2020-08-02,San Benito,20,599,0,4
2020-08-03,San Benito,4,603,0,4
2020-08-04,San Benito,5,608,0,4
2020-08-05,San Benito,5,613,0,4
2020-08-06,San Benito,13,626,0,4
2020-08-07,San Benito,21,647,0,4
2020-08-08,San Benito,37,684,0,4
2020-08-09,San Benito,3,687,0,4
2020-08-10,San Benito,56,743,0,4
2020-08-11,San Benito,7,750,0,4
2020-08-12,San Benito,1,751,0,4
2020-08-13,San Benito,6,757,0,4
2020-08-14,San Benito,26,783,0,4
2020-08-15,San Benito,22,805,0,4
2020-08-16,San Benito,10,815,0,4
2020-08-17,San Benito,7,822,0,4
2020-08-18,San Benito,14,836,0,4
2020-08-19,San Benito,17,853,1,5
2020-08-20,San Benito,13,866,2,7
2020-08-21,San Benito,25,891,0,7
2020-08-22,San Benito,21,912,0,7
2020-08-23,San Benito,26,938,0,7
2020-08-24,San Benito,23,961,0,7
2020-08-25,San Benito,12,973,0,7
2020-08-26,San Benito,5,978,0,7
2020-08-27,San Benito,9,987,0,7
2020-08-28,San Benito,29,1016,0,7
2020-08-29,San Benito,29,1045,1,8
2020-08-30,San Benito,26,1071,0,8
2020-08-31,San Benito,9,1080,0,8
2020-09-01,San Benito,9,1089,0,8
2020-09-02,San Benito,18,1107,0,8
2020-09-03,San Benito,14,1121,0,8
2020-09-04,San Benito,16,1137,0,8
2020-09-05,San Benito,16,1153,1,9
2020-09-06,San Benito,25,1178,0,9
2020-09-07,San Benito,2,1180,0,9
2020-09-08,San Benito,8,1188,1,10
2020-09-09,San Benito,11,1199,0,10
2020-09-10,San Benito,2,1201,0,10
2020-09-11,San Benito,1,1202,0,10
2020-09-12,San Benito,6,1208,0,10
2020-09-13,San Benito,9,1217,0,10
2020-09-14,San Benito,16,1233,0,10
2020-09-15,San Benito,4,1237,0,10
2020-09-16,San Benito,7,1244,0,10
2020-09-17,San Benito,8,1252,0,10
2020-09-18,San Benito,5,1257,1,11
2020-09-19,San Benito,19,1276,0,11
2020-09-20,San Benito,15,1291,0,11
2020-09-21,San Benito,7,1298,0,11
2020-09-22,San Benito,7,1305,0,11
2020-09-23,San Benito,0,1305,0,11
2020-09-24,San Benito,3,1308,0,11
2020-09-25,San Benito,10,1318,0,11
2020-09-26,San Benito,7,1325,0,11
2020-09-27,San Benito,6,1331,0,11
2020-09-28,San Benito,5,1336,0,11
2020-09-29,San Benito,5,1341,0,11
2020-09-30,San Benito,1,1342,0,11
2020-10-01,San Benito,4,1346,0,11
2020-10-02,San Benito,1,1347,0,11
2020-10-03,San Benito,4,1351,0,11
2020-10-04,San Benito,4,1355,0,11
2020-10-05,San Benito,1,1356,0,11
2020-10-06,San Benito,2,1358,1,12
2020-10-07,San Benito,5,1363,1,13
2020-10-08,San Benito,4,1367,0,13
2020-10-09,San Benito,0,1367,0,13
2020-10-10,San Benito,3,1370,0,13
2020-10-11,San Benito,4,1374,0,13
2020-10-12,San Benito,2,1376,0,13
2020-10-13,San Benito,4,1380,0,13
2020-10-14,San Benito,1,1381,0,13
2020-10-15,San Benito,3,1384,0,13
2020-10-16,San Benito,4,1388,1,14
2020-10-17,San Benito,1,1389,0,14
2020-10-18,San Benito,6,1395,0,14
2020-10-19,San Benito,0,1395,0,14
2020-10-20,San Benito,3,1398,0,14
2020-10-21,San Benito,3,1401,0,14
2020-10-22,San Benito,2,1403,1,15
2020-10-23,San Benito,9,1412,0,15
2020-10-24,San Benito,5,1417,0,15
2020-10-25,San Benito,6,1423,0,15
2020-10-26,San Benito,1,1424,0,15
2020-10-27,San Benito,4,1428,0,15
2020-10-28,San Benito,1,1429,0,15
2020-10-29,San Benito,2,1431,0,15
2020-10-30,San Benito,9,1440,0,15
2020-10-31,San Benito,8,1448,0,15
2020-11-01,San Benito,3,1451,0,15
2020-11-02,San Benito,8,1459,0,15
2020-11-03,San Benito,4,1463,0,15
2020-11-04,San Benito,1,1464,0,15
2020-11-05,San Benito,13,1477,0,15
2020-11-06,San Benito,2,1479,0,15
2020-11-07,San Benito,8,1487,0,15
2020-11-08,San Benito,9,1496,0,15
2020-11-09,San Benito,10,1506,0,15
2020-11-10,San Benito,2,1508,0,15
2020-11-11,San Benito,4,1512,0,15
2020-11-12,San Benito,13,1525,0,15
2020-11-13,San Benito,28,1553,0,15
2020-11-14,San Benito,20,1573,0,15
2020-11-15,San Benito,16,1589,0,15
2020-11-16,San Benito,14,1603,0,15
2020-11-17,San Benito,8,1611,0,15
2020-11-18,San Benito,21,1632,0,15
2020-11-19,San Benito,11,1643,0,15
2020-11-20,San Benito,25,1668,0,15
2020-11-21,San Benito,23,1691,0,15
2020-11-22,San Benito,13,1704,0,15
2020-11-23,San Benito,25,1729,0,15
2020-11-24,San Benito,11,1740,0,15
2020-11-25,San Benito,24,1764,1,16
2020-11-26,San Benito,5,1769,0,16
2020-11-27,San Benito,36,1805,0,16
2020-11-28,San Benito,30,1835,0,16
2020-11-29,San Benito,25,1860,0,16
2020-11-30,San Benito,15,1875,0,16
2020-12-01,San Benito,13,1888,1,17
2020-12-02,San Benito,33,1921,0,17
2020-12-03,San Benito,46,1967,0,17
2020-12-04,San Benito,39,2006,0,17
2020-12-05,San Benito,67,2073,1,18
2020-12-06,San Benito,62,2135,0,18
2020-12-07,San Benito,30,2165,1,19
2020-12-08,San Benito,15,2180,0,19
2020-12-09,San Benito,37,2217,0,19
2020-12-10,San Benito,51,2268,0,19
2020-12-11,San Benito,51,2319,0,19
2020-12-12,San Benito,36,2355,0,19
2020-12-13,San Benito,53,2408,0,19
2020-12-14,San Benito,59,2467,0,19
2020-12-15,San Benito,53,2520,3,22
2020-12-16,San Benito,62,2582,0,22
2020-12-17,San Benito,63,2645,1,23
2020-12-18,San Benito,99,2744,0,23
2020-12-19,San Benito,76,2820,0,23
2020-12-20,San Benito,65,2885,0,23
2020-12-21,San Benito,36,2921,0,23
2020-12-22,San Benito,77,2998,0,23
2020-03-18,Alameda,29,29,0,0
2020-03-19,Alameda,7,36,0,0
2020-03-20,Alameda,6,42,0,0
2020-03-21,Alameda,20,62,0,0
2020-03-22,Alameda,10,72,1,1
2020-03-23,Alameda,16,88,0,1
2020-03-24,Alameda,8,96,1,2
2020-03-25,Alameda,38,134,1,3
2020-03-26,Alameda,38,172,1,4
2020-03-27,Alameda,13,185,0,4
2020-03-28,Alameda,20,205,2,6
2020-03-29,Alameda,2,207,0,6
2020-03-30,Alameda,43,250,1,7
2020-03-31,Alameda,19,269,0,7
2020-04-01,Alameda,18,287,1,8
2020-04-02,Alameda,58,345,2,10
2020-04-03,Alameda,50,395,1,11
2020-04-04,Alameda,73,468,1,12
2020-04-05,Alameda,7,475,0,12
2020-04-06,Alameda,52,527,1,13
2020-04-07,Alameda,33,560,1,14
2020-04-08,Alameda,34,594,1,15
2020-04-09,Alameda,47,641,2,17
2020-04-10,Alameda,65,706,9,26
2020-04-11,Alameda,45,751,0,26
2020-04-12,Alameda,23,774,0,26
2020-04-13,Alameda,47,821,5,31
2020-04-14,Alameda,22,843,6,37
2020-04-15,Alameda,72,915,0,37
2020-04-16,Alameda,66,981,7,44
2020-04-17,Alameda,62,1043,0,44
2020-04-18,Alameda,42,1085,0,44
2020-04-19,Alameda,49,1134,0,44
2020-04-20,Alameda,47,1181,6,50
2020-04-21,Alameda,53,1234,1,51
2020-04-22,Alameda,41,1275,2,53
2020-04-23,Alameda,61,1336,3,56
2020-04-24,Alameda,49,1385,0,56
2020-04-25,Alameda,11,1396,0,56
2020-04-26,Alameda,53,1449,0,56
2020-04-27,Alameda,45,1494,3,59
2020-04-28,Alameda,31,1525,0,59
2020-04-29,Alameda,39,1564,4,63
2020-04-30,Alameda,35,1599,0,63
2020-05-01,Alameda,31,1630,0,63
2020-05-02,Alameda,48,1678,0,63
2020-05-03,Alameda,53,1731,2,65
2020-05-04,Alameda,31,1762,0,65
2020-05-05,Alameda,57,1819,4,69
2020-05-06,Alameda,45,1864,0,69
2020-05-07,Alameda,50,1914,0,69
2020-05-08,Alameda,41,1955,3,72
2020-05-09,Alameda,56,2011,3,75
2020-05-10,Alameda,36,2047,0,75
2020-05-11,Alameda,56,2103,0,75
2020-05-12,Alameda,43,2146,5,80
2020-05-13,Alameda,35,2181,0,80
2020-05-14,Alameda,74,2255,4,84
2020-05-15,Alameda,34,2289,1,85
2020-05-16,Alameda,38,2327,0,85
2020-05-17,Alameda,62,2389,0,85
2020-05-18,Alameda,53,2442,3,88
2020-05-19,Alameda,51,2493,0,88
2020-05-20,Alameda,61,2554,0,88
2020-05-21,Alameda,52,2606,2,90
2020-05-22,Alameda,116,2722,0,90
2020-05-23,Alameda,61,2783,2,92
2020-05-24,Alameda,47,2830,1,93
2020-05-25,Alameda,70,2900,0,93
2020-05-26,Alameda,56,2956,4,97
2020-05-27,Alameda,81,3037,0,97
2020-05-28,Alameda,46,3083,5,102
2020-05-29,Alameda,126,3209,1,103
2020-05-30,Alameda,95,3304,0,103
2020-05-31,Alameda,58,3362,1,104
2020-06-01,Alameda,98,3460,0,104
2020-06-02,Alameda,57,3517,0,104
2020-06-03,Alameda,72,3589,0,104
2020-06-04,Alameda,54,3643,0,104
2020-06-05,Alameda,91,3734,0,104
2020-06-06,Alameda,67,3801,0,104
2020-06-07,Alameda,65,3866,0,104
2020-06-08,Alameda,71,3937,6,110
2020-06-09,Alameda,26,3963,0,110
2020-06-10,Alameda,64,4027,0,110
2020-06-11,Alameda,46,4073,0,110
2020-06-12,Alameda,94,4167,0,110
2020-06-13,Alameda,29,4196,0,110
2020-06-14,Alameda,75,4271,2,112
2020-06-15,Alameda,52,4323,0,112
2020-06-16,Alameda,105,4428,0,112
2020-06-17,Alameda,57,4485,4,116
2020-06-18,Alameda,104,4589,1,117
2020-06-19,Alameda,57,4646,1,118
2020-06-20,Alameda,112,4758,1,119
2020-06-21,Alameda,77,4835,0,119
2020-06-22,Alameda,109,4944,2,121
2020-06-23,Alameda,215,5159,0,121
2020-06-24,Alameda,83,5242,1,122
2020-06-25,Alameda,169,5411,6,128
2020-06-26,Alameda,111,5522,2,130
2020-06-27,Alameda,88,5610,0,130
2020-06-28,Alameda,169,5779,3,133
2020-06-29,Alameda,161,5940,0,133
2020-06-30,Alameda,127,6067,2,135
2020-07-01,Alameda,74,6141,1,136
2020-07-02,Alameda,245,6386,2,138
2020-07-03,Alameda,100,6486,2,140
2020-07-04,Alameda,251,6737,0,140
2020-07-05,Alameda,124,6861,0,140
2020-07-06,Alameda,109,6970,0,140
2020-07-07,Alameda,127,7097,0,140
2020-07-08,Alameda,238,7335,2,142
2020-07-09,Alameda,98,7433,4,146
2020-07-10,Alameda,118,7551,1,147
2020-07-11,Alameda,294,7845,1,148
2020-07-12,Alameda,211,8056,0,148
2020-07-13,Alameda,59,8115,0,148
2020-07-14,Alameda,273,8388,4,152
2020-07-15,Alameda,227,8615,2,154
2020-07-16,Alameda,104,8719,0,154
2020-07-17,Alameda,174,8893,7,161
2020-07-18,Alameda,196,9089,1,162
2020-07-19,Alameda,138,9227,0,162
2020-07-20,Alameda,17,9244,0,162
2020-07-21,Alameda,146,9390,5,167
2020-07-22,Alameda,288,9678,4,171
2020-07-23,Alameda,246,9924,2,173
2020-07-24,Alameda,292,10216,5,178
2020-07-25,Alameda,145,10361,0,178
2020-07-26,Alameda,128,10489,0,178
2020-07-27,Alameda,156,10645,0,178
2020-07-28,Alameda,230,10875,3,181
2020-07-29,Alameda,302,11177,0,181
2020-07-30,Alameda,126,11303,1,182
2020-07-31,Alameda,138,11441,0,182
2020-08-01,Alameda,149,11590,7,189
2020-08-02,Alameda,106,11696,0,189
2020-08-03,Alameda,121,11817,0,189
2020-08-04,Alameda,166,11983,3,192
2020-08-05,Alameda,157,12140,1,193
2020-08-06,Alameda,334,12474,0,193
2020-08-07,Alameda,331,12805,0,193
2020-08-08,Alameda,282,13087,0,193
2020-08-09,Alameda,154,13241,0,193
2020-08-10,Alameda,179,13420,12,205
2020-08-11,Alameda,540,13960,0,205
2020-08-12,Alameda,254,14214,7,212
2020-08-13,Alameda,171,14385,4,216
2020-08-14,Alameda,524,14909,3,219
2020-08-15,Alameda,256,15165,0,219
2020-08-16,Alameda,173,15338,2,221
2020-08-17,Alameda,116,15454,0,221
2020-08-18,Alameda,173,15627,3,224
2020-08-19,Alameda,247,15874,4,228
2020-08-20,Alameda,300,16174,3,231
2020-08-21,Alameda,239,16413,3,234
2020-08-22,Alameda,235,16648,-1,233
2020-08-23,Alameda,138,16786,1,234
2020-08-24,Alameda,127,16913,0,234
2020-08-25,Alameda,365,17278,6,240
2020-08-26,Alameda,95,17373,3,243
2020-08-27,Alameda,211,17584,1,244
2020-08-28,Alameda,145,17729,3,247
2020-08-29,Alameda,159,17888,0,247
2020-08-30,Alameda,211,18099,5,252
2020-08-31,Alameda,49,18148,5,257
2020-09-01,Alameda,234,18382,0,257
2020-09-02,Alameda,140,18522,17,274
2020-09-03,Alameda,165,18687,21,295
2020-09-04,Alameda,156,18843,1,296
2020-09-05,Alameda,130,18973,3,299
2020-09-06,Alameda,56,19029,0,299
2020-09-07,Alameda,159,19188,1,300
2020-09-08,Alameda,105,19293,3,303
2020-09-09,Alameda,106,19399,0,303
2020-09-10,Alameda,110,19509,0,303
2020-09-11,Alameda,116,19625,17,320
2020-09-12,Alameda,133,19758,0,320
2020-09-13,Alameda,57,19815,12,332
2020-09-14,Alameda,36,19851,0,332
2020-09-15,Alameda,80,19931,24,356
2020-09-16,Alameda,78,20009,0,356
2020-09-17,Alameda,137,20146,9,365
2020-09-18,Alameda,76,20222,5,370
2020-09-19,Alameda,127,20349,4,374
2020-09-20,Alameda,76,20425,0,374
2020-09-21,Alameda,76,20501,0,374
2020-09-22,Alameda,106,20607,16,390
2020-09-23,Alameda,111,20718,5,395
2020-09-24,Alameda,120,20838,2,397
2020-09-25,Alameda,73,20911,7,404
2020-09-26,Alameda,108,21019,2,406
2020-09-27,Alameda,58,21077,0,406
2020-09-28,Alameda,56,21133,0,406
2020-09-29,Alameda,108,21241,2,408
2020-09-30,Alameda,30,21271,4,412
2020-10-01,Alameda,78,21349,8,420
2020-10-02,Alameda,55,21404,0,420
2020-10-03,Alameda,106,21510,6,426
2020-10-04,Alameda,87,21597,-1,425
2020-10-05,Alameda,40,21637,0,425
2020-10-06,Alameda,61,21698,2,427
2020-10-07,Alameda,38,21736,13,440
2020-10-08,Alameda,90,21826,0,440
2020-10-09,Alameda,98,21924,0,440
2020-10-10,Alameda,55,21979,1,441
2020-10-11,Alameda,78,22057,-5,436
2020-10-12,Alameda,69,22126,-5,431
2020-10-13,Alameda,59,22185,0,431
2020-10-14,Alameda,42,22227,11,442
2020-10-15,Alameda,40,22267,-9,433
2020-10-16,Alameda,48,22315,0,433
2020-10-17,Alameda,79,22394,9,442
2020-10-18,Alameda,152,22546,-9,433
2020-10-19,Alameda,101,22647,0,433
2020-10-20,Alameda,103,22750,-1,432
2020-10-21,Alameda,103,22853,0,432
2020-10-22,Alameda,62,22915,24,456
2020-10-23,Alameda,132,23047,0,456
2020-10-24,Alameda,52,23099,4,460
2020-10-25,Alameda,93,23192,1,461
2020-10-26,Alameda,92,23284,0,461
2020-10-27,Alameda,81,23365,1,462
2020-10-28,Alameda,103,23468,0,462
2020-10-29,Alameda,62,23530,1,463
2020-10-30,Alameda,146,23676,0,463
2020-10-31,Alameda,104,23780,1,464
2020-11-01,Alameda,112,23892,0,464
2020-11-02,Alameda,99,23991,0,464
2020-11-03,Alameda,64,24055,2,466
2020-11-04,Alameda,117,24172,-3,463
2020-11-05,Alameda,98,24270,2,465
2020-11-06,Alameda,119,24389,6,471
2020-11-07,Alameda,168,24557,0,471
2020-11-08,Alameda,174,24731,4,475
2020-11-09,Alameda,168,24899,0,475
2020-11-10,Alameda,109,25008,-1,474
2020-11-11,Alameda,132,25140,9,483
2020-11-12,Alameda,205,25345,0,483
2020-11-13,Alameda,170,25515,3,486
2020-11-14,Alameda,199,25714,3,489
2020-11-15,Alameda,165,25879,1,490
2020-11-16,Alameda,184,26063,0,490
2020-11-17,Alameda,362,26425,3,493
2020-11-18,Alameda,185,26610,1,494
2020-11-19,Alameda,361,26971,1,495
2020-11-20,Alameda,250,27221,4,499
2020-11-21,Alameda,203,27424,0,499
2020-11-22,Alameda,48,27472,0,499
2020-11-23,Alameda,246,27718,0,499
2020-11-24,Alameda,312,28030,0,499
2020-11-25,Alameda,348,28378,3,502
2020-11-26,Alameda,419,28797,0,502
2020-11-27,Alameda,267,29064,3,505
2020-11-28,Alameda,304,29368,6,511
2020-11-29,Alameda,550,29918,1,512
2020-11-30,Alameda,54,29972,0,512
2020-12-01,Alameda,279,30251,2,514
2020-12-02,Alameda,446,30697,6,520
2020-12-03,Alameda,487,31184,0,520
2020-12-04,Alameda,687,31871,2,522
2020-12-05,Alameda,910,32781,0,522
2020-12-06,Alameda,696,33477,0,522
2020-12-07,Alameda,410,33887,-2,520
2020-12-08,Alameda,486,34373,5,525
2020-12-09,Alameda,674,35047,1,526
2020-12-10,Alameda,639,35686,7,533
2020-12-11,Alameda,595,36281,5,538
2020-12-12,Alameda,746,37027,4,542
2020-12-13,Alameda,1037,38064,0,542
2020-12-14,Alameda,1188,39252,4,546
2020-12-15,Alameda,774,40026,12,558
2020-12-16,Alameda,725,40751,5,563
2020-12-17,Alameda,797,41548,11,574
2020-12-18,Alameda,648,42196,0,574
2020-12-19,Alameda,913,43109,11,585
2020-12-20,Alameda,895,44004,2,587
2020-12-21,Alameda,752,44756,1,588
2020-12-22,Alameda,995,45751,21,609
2020-03-18,Marin,10,10,0,0
2020-03-19,Marin,9,19,0,0
2020-03-20,Marin,11,30,0,0
2020-03-21,Marin,0,30,0,0
2020-03-22,Marin,0,30,0,0
2020-03-23,Marin,0,30,0,0
2020-03-24,Marin,14,44,0,0
2020-03-25,Marin,3,47,0,0
2020-03-26,Marin,9,56,0,0
2020-03-27,Marin,2,58,0,0
2020-03-28,Marin,0,58,0,0
2020-03-29,Marin,2,60,0,0
2020-03-30,Marin,18,78,0,0
2020-03-31,Marin,7,85,1,1
2020-04-01,Marin,2,87,0,1
2020-04-02,Marin,15,102,0,1
2020-04-03,Marin,4,106,5,6
2020-04-04,Marin,5,111,0,6
2020-04-05,Marin,2,113,0,6
2020-04-06,Marin,6,119,1,7
2020-04-07,Marin,3,122,0,7
2020-04-08,Marin,3,125,0,7
2020-04-09,Marin,1,126,0,7
2020-04-10,Marin,2,128,3,10
2020-04-11,Marin,8,136,0,10
2020-04-12,Marin,2,138,0,10
2020-04-13,Marin,6,144,0,10
2020-04-14,Marin,3,147,0,10
2020-04-15,Marin,15,162,0,10
2020-04-16,Marin,8,170,0,10
2020-04-17,Marin,19,189,0,10
2020-04-18,Marin,4,193,0,10
2020-04-19,Marin,1,194,0,10
2020-04-20,Marin,6,200,0,10
2020-04-21,Marin,2,202,0,10
2020-04-22,Marin,0,202,1,11
2020-04-23,Marin,7,209,0,11
2020-04-24,Marin,2,211,0,11
2020-04-25,Marin,4,215,1,12
2020-04-26,Marin,10,225,0,12
2020-04-27,Marin,2,227,0,12
2020-04-28,Marin,1,228,0,12
2020-04-29,Marin,6,234,1,13
2020-04-30,Marin,6,240,0,13
2020-05-01,Marin,2,242,0,13
2020-05-02,Marin,1,243,0,13
2020-05-03,Marin,0,243,0,13
2020-05-04,Marin,1,244,0,13
2020-05-05,Marin,0,244,1,14
2020-05-06,Marin,0,244,0,14
2020-05-07,Marin,8,252,0,14
2020-05-08,Marin,5,257,0,14
2020-05-09,Marin,4,261,0,14
2020-05-10,Marin,6,267,0,14
2020-05-11,Marin,4,271,0,14
2020-05-12,Marin,3,274,0,14
2020-05-13,Marin,4,278,0,14
2020-05-14,Marin,5,283,0,14
2020-05-15,Marin,12,295,0,14
2020-05-16,Marin,2,297,0,14
2020-05-17,Marin,18,315,0,14
2020-05-18,Marin,14,329,0,14
2020-05-19,Marin,11,340,0,14
2020-05-20,Marin,8,348,0,14
2020-05-21,Marin,11,359,0,14
2020-05-22,Marin,13,372,0,14
2020-05-23,Marin,21,393,0,14
2020-05-24,Marin,8,401,0,14
2020-05-25,Marin,14,415,0,14
2020-05-26,Marin,9,424,0,14
2020-05-27,Marin,15,439,0,14
2020-05-28,Marin,4,443,0,14
2020-05-29,Marin,5,448,0,14
2020-05-30,Marin,14,462,0,14
2020-05-31,Marin,24,486,0,14
2020-06-01,Marin,9,495,1,15
2020-06-02,Marin,14,509,2,17
2020-06-03,Marin,18,527,0,17
2020-06-04,Marin,6,533,0,17
2020-06-05,Marin,13,546,0,17
2020-06-06,Marin,10,556,0,17
2020-06-07,Marin,28,584,0,17
2020-06-08,Marin,12,596,0,17
2020-06-09,Marin,20,616,0,17
2020-06-10,Marin,17,633,0,17
2020-06-11,Marin,4,637,0,17
2020-06-12,Marin,12,649,0,17
2020-06-13,Marin,28,677,0,17
2020-06-14,Marin,12,689,0,17
2020-06-15,Marin,19,708,0,17
2020-06-16,Marin,17,725,1,18
2020-06-17,Marin,46,771,0,18
2020-06-18,Marin,48,819,0,18
2020-06-19,Marin,10,829,0,18
2020-06-20,Marin,50,879,0,18
2020-06-21,Marin,28,907,0,18
2020-06-22,Marin,122,1029,0,18
2020-06-23,Marin,110,1139,0,18
2020-06-24,Marin,122,1261,0,18
2020-06-25,Marin,62,1323,0,18
2020-06-26,Marin,88,1411,0,18
2020-06-27,Marin,87,1498,0,18
2020-06-28,Marin,7,1505,0,18
2020-06-29,Marin,76,1581,0,18
2020-06-30,Marin,47,1628,0,18
2020-07-01,Marin,11,1639,0,18
2020-07-02,Marin,67,1706,1,19
2020-07-03,Marin,70,1776,0,19
2020-07-04,Marin,186,1962,0,19
2020-07-05,Marin,118,2080,0,19
2020-07-06,Marin,56,2136,0,19
2020-07-07,Marin,491,2627,1,20
2020-07-08,Marin,129,2756,3,23
2020-07-09,Marin,219,2975,0,23
2020-07-10,Marin,126,3101,0,23
2020-07-11,Marin,90,3191,0,23
2020-07-12,Marin,167,3358,0,23
2020-07-13,Marin,44,3402,5,28
2020-07-14,Marin,49,3451,0,28
2020-07-15,Marin,7,3458,0,28
2020-07-16,Marin,88,3546,1,29
2020-07-17,Marin,293,3839,0,29
2020-07-18,Marin,250,4089,1,30
2020-07-19,Marin,83,4172,0,30
2020-07-20,Marin,83,4255,1,31
2020-07-21,Marin,63,4318,3,34
2020-07-22,Marin,55,4373,1,35
2020-07-23,Marin,50,4423,0,35
2020-07-24,Marin,94,4517,19,54
2020-07-25,Marin,45,4562,0,54
2020-07-26,Marin,33,4595,0,54
2020-07-27,Marin,74,4669,0,54
2020-07-28,Marin,29,4698,7,61
2020-07-29,Marin,49,4747,3,64
2020-07-30,Marin,88,4835,0,64
2020-07-31,Marin,50,4885,6,70
2020-08-01,Marin,60,4945,0,70
2020-08-02,Marin,40,4985,0,70
2020-08-03,Marin,16,5001,0,70
2020-08-04,Marin,19,5020,6,76
2020-08-05,Marin,16,5036,1,77
2020-08-06,Marin,22,5058,1,78
2020-08-07,Marin,36,5094,0,78
2020-08-08,Marin,24,5118,0,78
2020-08-09,Marin,86,5204,0,78
2020-08-10,Marin,38,5242,3,81
2020-08-11,Marin,45,5287,0,81
2020-08-12,Marin,136,5423,0,81
2020-08-13,Marin,80,5503,1,82
2020-08-14,Marin,98,5601,0,82
2020-08-15,Marin,27,5628,0,82
2020-08-16,Marin,36,5664,0,82
2020-08-17,Marin,19,5683,1,83
2020-08-18,Marin,25,5708,0,83
2020-08-19,Marin,15,5723,0,83
2020-08-20,Marin,22,5745,1,84
2020-08-21,Marin,17,5762,1,85
2020-08-22,Marin,27,5789,0,85
2020-08-23,Marin,18,5807,0,85
2020-08-24,Marin,27,5834,9,94
2020-08-25,Marin,26,5860,1,95
2020-08-26,Marin,27,5887,0,95
2020-08-27,Marin,42,5929,-1,94
2020-08-28,Marin,62,5991,0,94
2020-08-29,Marin,16,6007,1,95
2020-08-30,Marin,53,6060,0,95
2020-08-31,Marin,14,6074,1,96
2020-09-01,Marin,28,6102,0,96
2020-09-02,Marin,29,6131,0,96
2020-09-03,Marin,44,6175,0,96
2020-09-04,Marin,76,6251,0,96
2020-09-05,Marin,8,6259,0,96
2020-09-06,Marin,17,6276,0,96
2020-09-07,Marin,20,6296,0,96
2020-09-08,Marin,17,6313,3,99
2020-09-09,Marin,8,6321,0,99
2020-09-10,Marin,23,6344,0,99
2020-09-11,Marin,20,6364,0,99
2020-09-12,Marin,29,6393,0,99
2020-09-13,Marin,2,6395,0,99
2020-09-14,Marin,14,6409,0,99
2020-09-15,Marin,14,6423,7,106
2020-09-16,Marin,7,6430,5,111
2020-09-17,Marin,27,6457,1,112
2020-09-18,Marin,18,6475,0,112
2020-09-19,Marin,38,6513,0,112
2020-09-20,Marin,20,6533,0,112
2020-09-21,Marin,5,6538,1,113
2020-09-22,Marin,23,6561,1,114
2020-09-23,Marin,6,6567,0,114
2020-09-24,Marin,21,6588,2,116
2020-09-25,Marin,34,6622,1,117
2020-09-26,Marin,19,6641,1,118
2020-09-27,Marin,22,6663,0,118
2020-09-28,Marin,13,6676,0,118
2020-09-29,Marin,16,6692,1,119
2020-09-30,Marin,8,6700,0,119
2020-10-01,Marin,10,6710,0,119
2020-10-02,Marin,7,6717,0,119
2020-10-03,Marin,11,6728,0,119
2020-10-04,Marin,13,6741,0,119
2020-10-05,Marin,10,6751,0,119
2020-10-06,Marin,15,6766,4,123
2020-10-07,Marin,24,6790,1,124
2020-10-08,Marin,20,6810,0,124
2020-10-09,Marin,28,6838,0,124
2020-10-10,Marin,14,6852,0,124
2020-10-11,Marin,18,6870,0,124
2020-10-12,Marin,16,6886,0,124
2020-10-13,Marin,14,6900,0,124
2020-10-14,Marin,7,6907,0,124
2020-10-15,Marin,5,6912,0,124
2020-10-16,Marin,21,6933,0,124
2020-10-17,Marin,25,6958,0,124
2020-10-18,Marin,11,6969,0,124
2020-10-19,Marin,12,6981,3,127
2020-10-20,Marin,13,6994,0,127
2020-10-21,Marin,8,7002,1,128
2020-10-22,Marin,12,7014,0,128
2020-10-23,Marin,15,7029,0,128
2020-10-24,Marin,13,7042,0,128
2020-10-25,Marin,10,7052,0,128
2020-10-26,Marin,12,7064,1,129
2020-10-27,Marin,6,7070,-2,127
2020-10-28,Marin,9,7079,0,127
2020-10-29,Marin,4,7083,0,127
2020-10-30,Marin,14,7097,0,127
2020-10-31,Marin,15,7112,0,127
2020-11-01,Marin,12,7124,0,127
2020-11-02,Marin,8,7132,0,127
2020-11-03,Marin,15,7147,0,127
2020-11-04,Marin,10,7157,0,127
2020-11-05,Marin,14,7171,0,127
2020-11-06,Marin,13,7184,0,127
2020-11-07,Marin,24,7208,0,127
2020-11-08,Marin,19,7227,0,127
2020-11-09,Marin,10,7237,0,127
2020-11-10,Marin,22,7259,0,127
2020-11-11,Marin,9,7268,0,127
2020-11-12,Marin,0,7268,0,127
2020-11-13,Marin,39,7307,0,127
2020-11-14,Marin,18,7325,0,127
2020-11-15,Marin,22,7347,0,127
2020-11-16,Marin,12,7359,1,128
2020-11-17,Marin,45,7404,0,128
2020-11-18,Marin,31,7435,0,128
2020-11-19,Marin,16,7451,0,128
2020-11-20,Marin,16,7467,0,128
2020-11-21,Marin,21,7488,0,128
2020-11-22,Marin,18,7506,0,128
2020-11-23,Marin,37,7543,0,128
2020-11-24,Marin,48,7591,1,129
2020-11-25,Marin,10,7601,0,129
2020-11-26,Marin,9,7610,0,129
2020-11-27,Marin,50,7660,0,129
2020-11-28,Marin,36,7696,0,129
2020-11-29,Marin,43,7739,0,129
2020-11-30,Marin,25,7764,0,129
2020-12-01,Marin,23,7787,0,129
2020-12-02,Marin,32,7819,0,129
2020-12-03,Marin,42,7861,1,130
2020-12-04,Marin,35,7896,1,131
2020-12-05,Marin,65,7961,0,131
2020-12-06,Marin,52,8013,1,132
2020-12-07,Marin,36,8049,0,132
2020-12-08,Marin,50,8099,0,132
2020-12-09,Marin,83,8182,0,132
2020-12-10,Marin,63,8245,0,132
2020-12-11,Marin,72,8317,0,132
2020-12-12,Marin,46,8363,0,132
2020-12-13,Marin,46,8409,2,134
2020-12-14,Marin,66,8475,0,134
2020-12-15,Marin,53,8528,2,136
2020-12-16,Marin,113,8641,0,136
2020-12-17,Marin,80,8721,0,136
2020-12-18,Marin,78,8799,0,136
2020-12-19,Marin,65,8864,0,136
2020-12-20,Marin,84,8948,0,136
2020-12-21,Marin,87,9035,0,136
2020-12-22,Marin,80,9115,0,136
2020-03-18,San Diego,40,40,0,0
2020-03-19,San Diego,28,68,0,0
2020-03-20,San Diego,30,98,0,0
2020-03-21,San Diego,21,119,0,0
2020-03-22,San Diego,40,159,0,0
2020-03-23,San Diego,17,176,1,1
2020-03-24,San Diego,53,229,1,2
2020-03-25,San Diego,7,236,0,2
2020-03-26,San Diego,61,297,0,2
2020-03-27,San Diego,122,419,3,5
2020-03-28,San Diego,71,490,2,7
2020-03-29,San Diego,31,521,0,7
2020-03-30,San Diego,84,605,0,7
2020-03-31,San Diego,131,736,2,9
2020-04-01,San Diego,115,851,2,11
2020-04-02,San Diego,117,968,5,16
2020-04-03,San Diego,146,1114,1,17
2020-04-04,San Diego,97,1211,1,18
2020-04-05,San Diego,117,1328,1,19
2020-04-06,San Diego,78,1406,0,19
2020-04-07,San Diego,50,1456,12,31
2020-04-08,San Diego,76,1532,5,36
2020-04-09,San Diego,98,1630,4,40
2020-04-10,San Diego,65,1695,14,54
2020-04-11,San Diego,68,1763,0,54
2020-04-12,San Diego,43,1806,1,55
2020-04-13,San Diego,43,1849,11,66
2020-04-14,San Diego,83,1932,1,67
2020-04-15,San Diego,82,2014,0,67
2020-04-16,San Diego,75,2089,10,77
2020-04-17,San Diego,71,2160,6,83
2020-04-18,San Diego,55,2215,0,83
2020-04-19,San Diego,55,2270,0,83
2020-04-20,San Diego,57,2327,19,102
2020-04-21,San Diego,109,2436,7,109
2020-04-22,San Diego,57,2493,3,112
2020-04-23,San Diego,152,2645,0,112
2020-04-24,San Diego,183,2828,7,119
2020-04-25,San Diego,117,2945,0,119
2020-04-26,San Diego,100,3045,4,123
2020-04-27,San Diego,98,3143,5,128
2020-04-28,San Diego,173,3316,5,133
2020-04-29,San Diego,118,3434,7,140
2020-04-30,San Diego,132,3566,3,143
2020-05-01,San Diego,147,3713,7,150
2020-05-02,San Diego,131,3844,0,150
2020-05-03,San Diego,85,3929,0,150
2020-05-04,San Diego,93,4022,12,162
2020-05-05,San Diego,140,4162,11,173
2020-05-06,San Diego,159,4321,13,186
2020-05-07,San Diego,110,4431,3,189
2020-05-08,San Diego,233,4664,5,194
2020-05-09,San Diego,114,4778,0,194
2020-05-10,San Diego,150,4928,0,194
2020-05-11,San Diego,139,5067,10,204
2020-05-12,San Diego,96,5163,13,217
2020-05-13,San Diego,117,5280,6,223
2020-05-14,San Diego,113,5393,8,231
2020-05-15,San Diego,132,5525,4,235
2020-05-16,San Diego,139,5664,0,235
2020-05-17,San Diego,174,5838,7,242
2020-05-18,San Diego,110,5948,0,242
2020-05-19,San Diego,80,6028,0,242
2020-05-20,San Diego,114,6142,20,262
2020-05-21,San Diego,175,6317,0,262
2020-05-22,San Diego,119,6436,9,271
2020-05-23,San Diego,125,6561,4,275
2020-05-24,San Diego,142,6703,0,275
2020-05-25,San Diego,96,6799,0,275
2020-05-26,San Diego,85,6884,15,290
2020-05-27,San Diego,101,6985,7,297
2020-05-28,San Diego,117,7102,10,307
2020-05-29,San Diego,140,7242,5,312
2020-05-30,San Diego,145,7387,0,312
2020-05-31,San Diego,96,7483,0,312
2020-06-01,San Diego,73,7556,0,312
2020-06-02,San Diego,120,7676,0,312
2020-06-03,San Diego,124,7800,0,312
2020-06-04,San Diego,142,7942,0,312
2020-06-05,San Diego,240,8182,0,312
2020-06-06,San Diego,165,8347,0,312
2020-06-07,San Diego,131,8478,0,312
2020-06-08,San Diego,143,8621,0,312
2020-06-09,San Diego,110,8731,0,312
2020-06-10,San Diego,108,8839,0,312
2020-06-11,San Diego,161,9000,0,312
2020-06-12,San Diego,132,9132,0,312
2020-06-13,San Diego,184,9316,8,320
2020-06-14,San Diego,126,9442,0,320
2020-06-15,San Diego,170,9612,0,320
2020-06-16,San Diego,120,9732,3,323
2020-06-17,San Diego,124,9856,4,327
2020-06-18,San Diego,238,10094,4,331
2020-06-19,San Diego,258,10352,1,332
2020-06-20,San Diego,134,10486,6,338
2020-06-21,San Diego,310,10796,0,338
2020-06-22,San Diego,302,11098,0,338
2020-06-23,San Diego,198,11296,0,338
2020-06-24,San Diego,332,11628,9,347
2020-06-25,San Diego,335,11963,5,352
2020-06-26,San Diego,439,12402,6,358
2020-06-27,San Diego,434,12836,2,360
2020-06-28,San Diego,497,13333,1,361
2020-06-29,San Diego,501,13834,0,361
2020-06-30,San Diego,316,14150,4,365
2020-07-01,San Diego,476,14626,7,372
2020-07-02,San Diego,582,15208,5,377
2020-07-03,San Diego,490,15698,10,387
2020-07-04,San Diego,468,16166,0,387
2020-07-05,San Diego,562,16728,0,387
2020-07-06,San Diego,274,17002,0,387
2020-07-07,San Diego,578,17580,12,399
2020-07-08,San Diego,264,17844,7,406
2020-07-09,San Diego,560,18404,9,415
2020-07-10,San Diego,458,18862,5,420
2020-07-11,San Diego,509,19371,2,422
2020-07-12,San Diego,558,19929,0,422
2020-07-13,San Diego,419,20348,0,422
2020-07-14,San Diego,539,20887,14,436
2020-07-15,San Diego,561,21448,12,448
2020-07-16,San Diego,409,21857,17,465
2020-07-17,San Diego,634,22491,7,472
2020-07-18,San Diego,625,23116,6,478
2020-07-19,San Diego,568,23684,0,478
2020-07-20,San Diego,453,24137,0,478
2020-07-21,San Diego,385,24522,9,487
2020-07-22,San Diego,587,25109,18,505
2020-07-23,San Diego,506,25615,7,512
2020-07-24,San Diego,485,26100,12,524
2020-07-25,San Diego,603,26703,9,533
2020-07-26,San Diego,283,26986,0,533
2020-07-27,San Diego,523,27509,0,533
2020-07-28,San Diego,498,28007,14,547
2020-07-29,San Diego,282,28289,5,552
2020-07-30,San Diego,381,28670,6,558
2020-07-31,San Diego,380,29050,3,561
2020-08-01,San Diego,529,29579,4,565
2020-08-02,San Diego,306,29885,0,565
2020-08-03,San Diego,343,30228,0,565
2020-08-04,San Diego,290,30518,3,568
2020-08-05,San Diego,348,30866,10,578
2020-08-06,San Diego,263,31129,5,583
2020-08-07,San Diego,652,31781,3,586
2020-08-08,San Diego,551,32332,7,593
2020-08-09,San Diego,417,32749,1,594
2020-08-10,San Diego,228,32977,0,594
2020-08-11,San Diego,182,33159,8,602
2020-08-12,San Diego,236,33395,6,608
2020-08-13,San Diego,266,33661,7,615
2020-08-14,San Diego,406,34067,7,622
2020-08-15,San Diego,279,34346,4,626
2020-08-16,San Diego,334,34680,0,626
2020-08-17,San Diego,282,34962,0,626
2020-08-18,San Diego,202,35164,7,633
2020-08-19,San Diego,214,35378,5,638
2020-08-20,San Diego,232,35610,6,644
2020-08-21,San Diego,304,35914,8,652
2020-08-22,San Diego,291,36205,8,660
2020-08-23,San Diego,337,36542,0,660
2020-08-24,San Diego,187,36729,0,660
2020-08-25,San Diego,267,36996,5,665
2020-08-26,San Diego,228,37224,3,668
2020-08-27,San Diego,277,37501,5,673
2020-08-28,San Diego,285,37786,3,676
2020-08-29,San Diego,263,38049,3,679
2020-08-30,San Diego,253,38302,3,682
2020-08-31,San Diego,304,38606,0,682
2020-09-01,San Diego,267,38873,6,688
2020-09-02,San Diego,250,39123,7,695
2020-09-03,San Diego,325,39448,5,700
2020-09-04,San Diego,453,39901,1,701
2020-09-05,San Diego,443,40344,3,704
2020-09-06,San Diego,308,40652,0,704
2020-09-07,San Diego,216,40868,3,707
2020-09-08,San Diego,211,41079,2,709
2020-09-09,San Diego,247,41326,0,709
2020-09-10,San Diego,284,41610,16,725
2020-09-11,San Diego,361,41971,5,730
2020-09-12,San Diego,445,42416,4,734
2020-09-13,San Diego,265,42681,0,734
2020-09-14,San Diego,208,42889,0,734
2020-09-15,San Diego,294,43183,8,742
2020-09-16,San Diego,264,43447,6,748
2020-09-17,San Diego,174,43621,6,754
2020-09-18,San Diego,388,44009,3,757
2020-09-19,San Diego,286,44295,3,760
2020-09-20,San Diego,284,44579,0,760
2020-09-21,San Diego,348,44927,0,760
2020-09-22,San Diego,222,45149,5,765
2020-09-23,San Diego,278,45427,2,767
2020-09-24,San Diego,171,45598,6,773
2020-09-25,San Diego,405,46003,2,775
2020-09-26,San Diego,330,46333,0,775
2020-09-27,San Diego,279,46612,1,776
2020-09-28,San Diego,124,46736,0,776
2020-09-29,San Diego,251,46987,5,781
2020-09-30,San Diego,195,47182,2,783
2020-10-01,San Diego,305,47487,9,792
2020-10-02,San Diego,306,47793,2,794
2020-10-03,San Diego,409,48202,4,798
2020-10-04,San Diego,236,48438,5,803
2020-10-05,San Diego,224,48662,0,803
2020-10-06,San Diego,161,48823,3,806
2020-10-07,San Diego,354,49177,7,813
2020-10-08,San Diego,291,49468,6,819
2020-10-09,San Diego,357,49825,2,821
2020-10-10,San Diego,320,50145,4,825
2020-10-11,San Diego,408,50553,1,826
2020-10-12,San Diego,195,50748,0,826
2020-10-13,San Diego,278,51026,14,840
2020-10-14,San Diego,303,51329,4,844
2020-10-15,San Diego,143,51472,3,847
2020-10-16,San Diego,313,51785,3,850
2020-10-17,San Diego,201,51986,3,853
2020-10-18,San Diego,373,52359,0,853
2020-10-19,San Diego,380,52739,0,853
2020-10-20,San Diego,265,53004,4,857
2020-10-21,San Diego,275,53279,6,863
2020-10-22,San Diego,235,53514,0,863
2020-10-23,San Diego,430,53944,4,867
2020-10-24,San Diego,386,54330,1,868
2020-10-25,San Diego,269,54599,2,870
2020-10-26,San Diego,358,54957,0,870
2020-10-27,San Diego,269,55226,7,877
2020-10-28,San Diego,330,55556,4,881
2020-10-29,San Diego,360,55916,4,885
2020-10-30,San Diego,471,56387,3,888
2020-10-31,San Diego,382,56769,3,891
2020-11-01,San Diego,353,57122,0,891
2020-11-02,San Diego,307,57429,0,891
2020-11-03,San Diego,293,57722,10,901
2020-11-04,San Diego,404,58126,3,904
2020-11-05,San Diego,533,58659,0,904
2020-11-06,San Diego,484,59143,3,907
2020-11-07,San Diego,512,59655,1,908
2020-11-08,San Diego,544,60199,0,908
2020-11-09,San Diego,373,60572,0,908
2020-11-10,San Diego,513,61085,7,915
2020-11-11,San Diego,661,61746,0,915
2020-11-12,San Diego,590,62336,3,918
2020-11-13,San Diego,642,62978,3,921
2020-11-14,San Diego,737,63715,5,926
2020-11-15,San Diego,1055,64770,0,926
2020-11-16,San Diego,833,65603,0,926
2020-11-17,San Diego,718,66321,7,933
2020-11-18,San Diego,922,67243,12,945
2020-11-19,San Diego,899,68142,7,952
2020-11-20,San Diego,1091,69233,8,960
2020-11-21,San Diego,1478,70711,6,966
2020-11-22,San Diego,938,71649,2,968
2020-11-23,San Diego,1168,72817,0,968
2020-11-24,San Diego,1546,74363,16,984
2020-11-25,San Diego,944,75307,4,988
2020-11-26,San Diego,1052,76359,8,996
2020-11-27,San Diego,1802,78161,0,996
2020-11-28,San Diego,1859,80020,0,996
2020-11-29,San Diego,1066,81086,1,997
2020-11-30,San Diego,959,82045,0,997
2020-12-01,San Diego,1378,83423,22,1019
2020-12-02,San Diego,1217,84640,16,1035
2020-12-03,San Diego,1504,86144,5,1040
2020-12-04,San Diego,2039,88183,7,1047
2020-12-05,San Diego,2287,90470,8,1055
2020-12-06,San Diego,1703,92173,7,1062
2020-12-07,San Diego,1998,94171,0,1062
2020-12-08,San Diego,1276,95447,26,1088
2020-12-09,San Diego,2104,97551,15,1103
2020-12-10,San Diego,2050,99601,0,1103
2020-12-11,San Diego,2867,102468,34,1137
2020-12-12,San Diego,2490,104958,14,1151
2020-12-13,San Diego,2414,107372,11,1162
2020-12-14,San Diego,2206,109578,0,1162
2020-12-15,San Diego,1863,111441,32,1194
2020-12-16,San Diego,2807,114248,23,1217
2020-12-17,San Diego,2604,116852,22,1239
2020-12-18,San Diego,3611,120463,14,1253
2020-12-19,San Diego,2509,122972,27,1280
2020-12-20,San Diego,3493,126465,0,1280
2020-12-21,San Diego,3251,129716,3,1283
2020-12-22,San Diego,2381,132097,28,1311
2020-03-30,Out Of Country,0,0,0,0
2020-04-13,Out Of Country,0,0,0,0
2020-04-14,Out Of Country,0,0,0,0
2020-04-15,Out Of Country,0,0,0,0
2020-04-16,Out Of Country,0,0,0,0
2020-04-17,Out Of Country,0,0,0,0
2020-04-18,Out Of Country,0,0,0,0
2020-04-19,Out Of Country,0,0,0,0
2020-04-20,Out Of Country,0,0,0,0
2020-04-21,Out Of Country,0,0,0,0
2020-04-22,Out Of Country,0,0,0,0
2020-04-23,Out Of Country,0,0,0,0
2020-04-24,Out Of Country,0,0,0,0
2020-04-25,Out Of Country,0,0,0,0
2020-04-26,Out Of Country,0,0,0,0
2020-04-27,Out Of Country,0,0,0,0
2020-04-28,Out Of Country,0,0,0,0
2020-04-29,Out Of Country,0,0,0,0
2020-04-30,Out Of Country,0,0,0,0
2020-05-01,Out Of Country,0,0,0,0
2020-05-02,Out Of Country,0,0,0,0
2020-05-03,Out Of Country,0,0,0,0
2020-05-04,Out Of Country,0,0,0,0
2020-05-05,Out Of Country,0,0,0,0
2020-05-06,Out Of Country,0,0,0,0
2020-05-07,Out Of Country,0,0,0,0
2020-05-08,Out Of Country,0,0,0,0
2020-05-09,Out Of Country,0,0,0,0
2020-05-10,Out Of Country,0,0,0,0
2020-05-11,Out Of Country,0,0,0,0
2020-05-12,Out Of Country,0,0,0,0
2020-05-13,Out Of Country,0,0,0,0
2020-05-14,Out Of Country,0,0,0,0
2020-05-15,Out Of Country,0,0,0,0
2020-05-16,Out Of Country,0,0,0,0
2020-05-17,Out Of Country,0,0,0,0
2020-05-18,Out Of Country,0,0,0,0
2020-05-19,Out Of Country,0,0,0,0
2020-05-20,Out Of Country,0,0,0,0
2020-05-21,Out Of Country,0,0,0,0
2020-05-22,Out Of Country,0,0,0,0
2020-05-23,Out Of Country,0,0,0,0
2020-05-24,Out Of Country,0,0,0,0
2020-05-25,Out Of Country,0,0,0,0
2020-05-26,Out Of Country,0,0,0,0
2020-05-27,Out Of Country,0,0,0,0
2020-05-28,Out Of Country,0,0,0,0
2020-05-29,Out Of Country,0,0,0,0
2020-05-30,Out Of Country,0,0,0,0
2020-05-31,Out Of Country,0,0,0,0
2020-06-01,Out Of Country,0,0,0,0
2020-06-02,Out Of Country,0,0,0,0
2020-06-03,Out Of Country,0,0,0,0
2020-06-04,Out Of Country,0,0,0,0
2020-06-05,Out Of Country,0,0,0,0
2020-06-06,Out Of Country,0,0,0,0
2020-06-07,Out Of Country,0,0,0,0
2020-06-08,Out Of Country,0,0,0,0
2020-06-09,Out Of Country,0,0,0,0
2020-06-10,Out Of Country,0,0,0,0
2020-06-11,Out Of Country,0,0,0,0
2020-06-12,Out Of Country,0,0,0,0
2020-06-13,Out Of Country,0,0,0,0
2020-06-14,Out Of Country,0,0,0,0
2020-06-15,Out Of Country,0,0,0,0
2020-06-16,Out Of Country,0,0,0,0
2020-06-17,Out Of Country,0,0,0,0
2020-06-18,Out Of Country,0,0,0,0
2020-06-19,Out Of Country,0,0,0,0
2020-06-20,Out Of Country,0,0,0,0
2020-06-21,Out Of Country,0,0,0,0
2020-06-22,Out Of Country,0,0,0,0
2020-06-23,Out Of Country,0,0,0,0
2020-06-24,Out Of Country,0,0,0,0
2020-06-25,Out Of Country,0,0,0,0
2020-06-26,Out Of Country,0,0,0,0
2020-06-27,Out Of Country,0,0,0,0
2020-06-28,Out Of Country,0,0,0,0
2020-06-29,Out Of Country,0,0,0,0
2020-06-30,Out Of Country,0,0,0,0
2020-07-01,Out Of Country,0,NA,0,0
2020-07-02,Out Of Country,0,0,0,0
2020-07-03,Out Of Country,0,0,0,0
2020-07-04,Out Of Country,0,0,0,0
2020-07-05,Out Of Country,0,0,0,0
2020-07-06,Out Of Country,0,0,0,0
2020-07-07,Out Of Country,0,0,0,0
2020-07-08,Out Of Country,0,0,0,0
2020-07-09,Out Of Country,0,0,0,0
2020-07-10,Out Of Country,0,0,0,0
2020-07-11,Out Of Country,0,0,0,0
2020-07-12,Out Of Country,0,0,0,0
2020-07-13,Out Of Country,0,0,0,0
2020-07-14,Out Of Country,0,0,0,0
2020-07-15,Out Of Country,0,0,0,0
2020-07-16,Out Of Country,0,0,0,0
2020-07-17,Out Of Country,0,0,0,0
2020-07-18,Out Of Country,0,0,0,0
2020-07-19,Out Of Country,0,0,0,0
2020-07-20,Out Of Country,0,0,0,0
2020-07-21,Out Of Country,0,0,0,0
2020-07-22,Out Of Country,0,0,0,0
2020-07-23,Out Of Country,0,0,0,0
2020-07-24,Out Of Country,0,0,0,0
2020-07-25,Out Of Country,0,0,0,0
2020-07-26,Out Of Country,0,0,0,0
2020-07-27,Out Of Country,0,0,0,0
2020-07-28,Out Of Country,0,0,0,0
2020-07-29,Out Of Country,0,0,0,0
2020-07-30,Out Of Country,0,0,0,0
2020-07-31,Out Of Country,0,0,0,0
2020-08-01,Out Of Country,0,0,0,0
2020-08-02,Out Of Country,0,0,0,0
2020-08-03,Out Of Country,0,0,0,0
2020-08-04,Out Of Country,0,0,0,0
2020-08-05,Out Of Country,0,0,0,0
2020-08-06,Out Of Country,0,0,0,0
2020-08-07,Out Of Country,0,0,0,0
2020-08-08,Out Of Country,0,0,0,0
2020-08-09,Out Of Country,0,0,0,0
2020-08-10,Out Of Country,0,0,0,0
2020-08-11,Out Of Country,0,0,0,0
2020-08-12,Out Of Country,0,0,0,0
2020-08-13,Out Of Country,0,0,0,0
2020-08-14,Out Of Country,0,0,0,0
2020-08-15,Out Of Country,0,0,0,0
2020-08-16,Out Of Country,0,0,0,0
2020-08-17,Out Of Country,0,0,0,0
2020-08-18,Out Of Country,0,0,0,0
2020-08-19,Out Of Country,0,0,0,0
2020-08-20,Out Of Country,0,0,0,0
2020-08-21,Out Of Country,0,0,0,0
2020-08-22,Out Of Country,0,0,0,0
2020-08-23,Out Of Country,0,0,0,0
2020-08-24,Out Of Country,0,0,0,0
2020-08-25,Out Of Country,0,0,0,0
2020-08-26,Out Of Country,0,0,0,0
2020-08-27,Out Of Country,0,0,0,0
2020-08-28,Out Of Country,0,0,0,0
2020-08-29,Out Of Country,0,0,0,0
2020-08-30,Out Of Country,0,0,0,0
2020-08-31,Out Of Country,0,0,0,0
2020-09-01,Out Of Country,0,0,0,0
2020-09-02,Out Of Country,0,0,0,0
2020-09-03,Out Of Country,0,0,0,0
2020-09-04,Out Of Country,0,0,0,0
2020-09-05,Out Of Country,0,0,0,0
2020-09-06,Out Of Country,0,0,0,0
2020-09-07,Out Of Country,0,0,0,0
2020-09-08,Out Of Country,0,0,0,0
2020-09-09,Out Of Country,0,0,0,0
2020-09-10,Out Of Country,0,0,0,0
2020-09-11,Out Of Country,0,0,0,0
2020-09-12,Out Of Country,0,0,0,0
2020-09-13,Out Of Country,0,0,0,0
2020-09-14,Out Of Country,0,0,0,0
2020-09-15,Out Of Country,0,0,0,0
2020-09-16,Out Of Country,0,0,0,0
2020-09-17,Out Of Country,0,0,0,0
2020-09-18,Out Of Country,0,0,0,0
2020-09-19,Out Of Country,0,0,0,0
2020-09-20,Out Of Country,0,0,0,0
2020-09-21,Out Of Country,0,0,0,0
2020-09-22,Out Of Country,0,0,0,0
2020-09-23,Out Of Country,0,0,0,0
2020-09-24,Out Of Country,0,0,0,0
2020-09-25,Out Of Country,0,0,0,0
2020-09-26,Out Of Country,0,0,0,0
2020-09-27,Out Of Country,0,0,0,0
2020-09-28,Out Of Country,0,0,0,0
2020-09-29,Out Of Country,0,0,0,0
2020-09-30,Out Of Country,0,0,0,0
2020-10-01,Out Of Country,0,0,0,0
2020-10-02,Out Of Country,0,0,0,0
2020-10-03,Out Of Country,0,0,0,0
2020-10-04,Out Of Country,0,0,0,0
2020-10-05,Out Of Country,0,0,0,0
2020-10-06,Out Of Country,0,0,0,0
2020-10-07,Out Of Country,0,0,0,0
2020-10-08,Out Of Country,0,0,0,0
2020-10-09,Out Of Country,0,0,0,0
2020-10-10,Out Of Country,0,0,0,0
2020-10-11,Out Of Country,0,0,0,0
2020-10-12,Out Of Country,0,0,0,0
2020-10-13,Out Of Country,0,0,0,0
2020-10-14,Out Of Country,0,0,0,0
2020-10-15,Out Of Country,0,0,0,0
2020-10-16,Out Of Country,0,0,0,0
2020-10-17,Out Of Country,0,0,0,0
2020-10-18,Out Of Country,0,0,0,0
2020-10-19,Out Of Country,0,0,0,0
2020-10-20,Out Of Country,0,0,0,0
2020-10-21,Out Of Country,0,0,0,0
2020-10-22,Out Of Country,0,0,0,0
2020-10-23,Out Of Country,0,0,0,0
2020-10-24,Out Of Country,0,0,0,0
2020-10-25,Out Of Country,0,0,0,0
2020-10-26,Out Of Country,0,0,0,0
2020-10-27,Out Of Country,0,0,0,0
2020-10-28,Out Of Country,0,0,0,0
2020-10-29,Out Of Country,0,0,0,0
2020-10-30,Out Of Country,0,0,0,0
2020-10-31,Out Of Country,0,0,0,0
2020-11-01,Out Of Country,0,0,0,0
2020-11-02,Out Of Country,0,0,0,0
2020-11-03,Out Of Country,0,0,0,0
2020-11-04,Out Of Country,0,0,0,0
2020-11-05,Out Of Country,0,0,0,0
2020-11-06,Out Of Country,0,0,0,0
2020-11-07,Out Of Country,0,0,0,0
2020-11-08,Out Of Country,0,0,0,0
2020-11-09,Out Of Country,0,0,0,0
2020-11-10,Out Of Country,0,0,0,0
2020-11-11,Out Of Country,0,0,0,0
2020-11-12,Out Of Country,0,0,0,0
2020-11-13,Out Of Country,0,0,0,0
2020-11-14,Out Of Country,0,0,0,0
2020-11-15,Out Of Country,0,0,0,0
2020-11-16,Out Of Country,0,0,0,0
2020-11-17,Out Of Country,0,0,0,0
2020-11-18,Out Of Country,0,0,0,0
2020-11-19,Out Of Country,0,0,0,0
2020-11-20,Out Of Country,0,0,0,0
2020-11-21,Out Of Country,0,0,0,0
2020-11-22,Out Of Country,0,0,0,0
2020-11-23,Out Of Country,0,0,0,0
2020-11-24,Out Of Country,0,0,0,0
2020-11-25,Out Of Country,0,0,0,0
2020-11-26,Out Of Country,0,0,0,0
2020-11-27,Out Of Country,0,0,0,0
2020-11-28,Out Of Country,0,0,0,0
2020-11-29,Out Of Country,0,0,0,0
2020-11-30,Out Of Country,0,0,0,0
2020-12-01,Out Of Country,0,0,0,0
2020-12-02,Out Of Country,0,0,0,0
2020-12-03,Out Of Country,0,0,0,0
2020-12-04,Out Of Country,0,0,0,0
2020-12-05,Out Of Country,0,0,0,0
2020-12-06,Out Of Country,0,0,0,0
2020-12-07,Out Of Country,0,0,0,0
2020-12-08,Out Of Country,0,0,0,0
2020-12-09,Out Of Country,0,0,0,0
2020-12-10,Out Of Country,0,0,0,0
2020-12-11,Out Of Country,0,0,0,0
2020-12-12,Out Of Country,0,0,0,0
2020-12-13,Out Of Country,0,0,0,0
2020-12-14,Out Of Country,0,0,0,0
2020-12-15,Out Of Country,0,0,0,0
2020-12-16,Out Of Country,0,0,0,0
2020-12-17,Out Of Country,0,0,0,0
2020-12-18,Out Of Country,0,0,0,0
2020-12-19,Out Of Country,0,0,0,0
2020-12-20,Out Of Country,0,0,0,0
2020-12-21,Out Of Country,0,0,0,0
2020-12-22,Out Of Country,0,0,0,0
2020-03-18,Glenn,0,0,0,0
2020-03-19,Glenn,0,0,0,0
2020-03-20,Glenn,0,0,0,0
2020-03-21,Glenn,0,0,0,0
2020-03-22,Glenn,0,0,0,0
2020-03-23,Glenn,0,0,0,0
2020-03-24,Glenn,0,0,0,0
2020-03-25,Glenn,0,0,0,0
2020-03-26,Glenn,0,0,0,0
2020-03-27,Glenn,0,0,0,0
2020-03-28,Glenn,1,1,0,0
2020-03-29,Glenn,0,1,0,0
2020-03-30,Glenn,1,2,0,0
2020-03-31,Glenn,0,2,0,0
2020-04-01,Glenn,0,2,0,0
2020-04-02,Glenn,0,2,0,0
2020-04-03,Glenn,0,2,0,0
2020-04-04,Glenn,0,2,0,0
2020-04-05,Glenn,0,2,0,0
2020-04-06,Glenn,0,2,0,0
2020-04-07,Glenn,0,2,0,0
2020-04-08,Glenn,0,2,0,0
2020-04-09,Glenn,0,2,0,0
2020-04-10,Glenn,1,3,0,0
2020-04-11,Glenn,0,3,0,0
2020-04-12,Glenn,0,3,0,0
2020-04-13,Glenn,0,3,0,0
2020-04-14,Glenn,0,3,0,0
2020-04-15,Glenn,0,3,0,0
2020-04-16,Glenn,0,3,0,0
2020-04-17,Glenn,0,3,0,0
2020-04-18,Glenn,0,3,0,0
2020-04-19,Glenn,0,3,0,0
2020-04-20,Glenn,0,3,0,0
2020-04-21,Glenn,0,3,0,0
2020-04-22,Glenn,0,3,0,0
2020-04-23,Glenn,0,3,0,0
2020-04-24,Glenn,1,4,0,0
2020-04-25,Glenn,0,4,0,0
2020-04-26,Glenn,0,4,0,0
2020-04-27,Glenn,0,4,0,0
2020-04-28,Glenn,0,4,0,0
2020-04-29,Glenn,0,4,0,0
2020-04-30,Glenn,0,4,0,0
2020-05-01,Glenn,0,4,0,0
2020-05-02,Glenn,1,5,0,0
2020-05-03,Glenn,0,5,0,0
2020-05-04,Glenn,-1,4,0,0
2020-05-05,Glenn,-1,3,0,0
2020-05-06,Glenn,0,3,0,0
2020-05-07,Glenn,2,5,0,0
2020-05-08,Glenn,1,6,0,0
2020-05-09,Glenn,0,6,0,0
2020-05-10,Glenn,0,6,0,0
2020-05-11,Glenn,0,6,0,0
2020-05-12,Glenn,0,6,0,0
2020-05-13,Glenn,0,6,0,0
2020-05-14,Glenn,2,8,0,0
2020-05-15,Glenn,1,9,0,0
2020-05-16,Glenn,0,9,0,0
2020-05-17,Glenn,0,9,0,0
2020-05-18,Glenn,2,11,0,0
2020-05-19,Glenn,1,12,0,0
2020-05-20,Glenn,0,12,0,0
2020-05-21,Glenn,0,12,0,0
2020-05-22,Glenn,0,12,0,0
2020-05-23,Glenn,0,12,0,0
2020-05-24,Glenn,0,12,0,0
2020-05-25,Glenn,0,12,0,0
2020-05-26,Glenn,0,12,0,0
2020-05-27,Glenn,2,14,0,0
2020-05-28,Glenn,0,14,0,0
2020-05-29,Glenn,0,14,0,0
2020-05-30,Glenn,2,16,0,0
2020-05-31,Glenn,0,16,0,0
2020-06-01,Glenn,0,16,0,0
2020-06-02,Glenn,0,16,0,0
2020-06-03,Glenn,0,16,0,0
2020-06-04,Glenn,0,16,0,0
2020-06-05,Glenn,0,16,0,0
2020-06-06,Glenn,0,16,0,0
2020-06-07,Glenn,0,16,0,0
2020-06-08,Glenn,1,17,0,0
2020-06-09,Glenn,2,19,0,0
2020-06-10,Glenn,2,21,0,0
2020-06-11,Glenn,0,21,0,0
2020-06-12,Glenn,0,21,0,0
2020-06-13,Glenn,0,21,0,0
2020-06-14,Glenn,0,21,0,0
2020-06-15,Glenn,0,21,0,0
2020-06-16,Glenn,9,30,0,0
2020-06-17,Glenn,1,31,0,0
2020-06-18,Glenn,4,35,0,0
2020-06-19,Glenn,5,40,0,0
2020-06-20,Glenn,0,40,0,0
2020-06-21,Glenn,0,40,0,0
2020-06-22,Glenn,0,40,0,0
2020-06-23,Glenn,7,47,0,0
2020-06-24,Glenn,7,54,0,0
2020-06-25,Glenn,6,60,0,0
2020-06-26,Glenn,13,73,0,0
2020-06-27,Glenn,7,80,0,0
2020-06-28,Glenn,5,85,0,0
2020-06-29,Glenn,8,93,0,0
2020-06-30,Glenn,12,105,0,0
2020-07-01,Glenn,5,110,0,0
2020-07-02,Glenn,4,114,0,0
2020-07-03,Glenn,8,122,0,0
2020-07-04,Glenn,6,128,0,0
2020-07-05,Glenn,1,129,0,0
2020-07-06,Glenn,0,129,0,0
2020-07-07,Glenn,16,145,0,0
2020-07-08,Glenn,1,146,0,0
2020-07-09,Glenn,4,150,0,0
2020-07-10,Glenn,7,157,0,0
2020-07-11,Glenn,4,161,0,0
2020-07-12,Glenn,5,166,0,0
2020-07-13,Glenn,2,168,0,0
2020-07-14,Glenn,9,177,0,0
2020-07-15,Glenn,7,184,0,0
2020-07-16,Glenn,6,190,0,0
2020-07-17,Glenn,13,203,0,0
2020-07-18,Glenn,9,212,0,0
2020-07-19,Glenn,3,215,0,0
2020-07-20,Glenn,10,225,0,0
2020-07-21,Glenn,4,229,0,0
2020-07-22,Glenn,7,236,0,0
2020-07-23,Glenn,10,246,1,1
2020-07-24,Glenn,5,251,0,1
2020-07-25,Glenn,9,260,0,1
2020-07-26,Glenn,5,265,0,1
2020-07-27,Glenn,12,277,0,1
2020-07-28,Glenn,12,289,0,1
2020-07-29,Glenn,5,294,0,1
2020-07-30,Glenn,3,297,0,1
2020-07-31,Glenn,7,304,0,1
2020-08-01,Glenn,7,311,0,1
2020-08-02,Glenn,4,315,0,1
2020-08-03,Glenn,1,316,0,1
2020-08-04,Glenn,9,325,1,2
2020-08-05,Glenn,5,330,1,3
2020-08-06,Glenn,2,332,0,3
2020-08-07,Glenn,7,339,0,3
2020-08-08,Glenn,5,344,0,3
2020-08-09,Glenn,10,354,0,3
2020-08-10,Glenn,27,381,0,3
2020-08-11,Glenn,-1,380,0,3
2020-08-12,Glenn,8,388,0,3
2020-08-13,Glenn,4,392,0,3
2020-08-14,Glenn,3,395,0,3
2020-08-15,Glenn,3,398,0,3
2020-08-16,Glenn,2,400,0,3
2020-08-17,Glenn,2,402,0,3
2020-08-18,Glenn,5,407,0,3
2020-08-19,Glenn,7,414,0,3
2020-08-20,Glenn,0,414,0,3
2020-08-21,Glenn,4,418,0,3
2020-08-22,Glenn,3,421,0,3
2020-08-23,Glenn,0,421,0,3
2020-08-24,Glenn,0,421,0,3
2020-08-25,Glenn,8,429,0,3
2020-08-26,Glenn,0,429,0,3
2020-08-27,Glenn,0,429,0,3
2020-08-28,Glenn,0,429,0,3
2020-08-29,Glenn,8,437,0,3
2020-08-30,Glenn,0,437,0,3
2020-08-31,Glenn,0,437,0,3
2020-09-01,Glenn,12,449,0,3
2020-09-02,Glenn,8,457,0,3
2020-09-03,Glenn,3,460,0,3
2020-09-04,Glenn,3,463,0,3
2020-09-05,Glenn,11,474,0,3
2020-09-06,Glenn,0,474,0,3
2020-09-07,Glenn,14,488,0,3
2020-09-08,Glenn,4,492,0,3
2020-09-09,Glenn,16,508,0,3
2020-09-10,Glenn,3,511,0,3
2020-09-11,Glenn,4,515,0,3
2020-09-12,Glenn,2,517,0,3
2020-09-13,Glenn,0,517,0,3
2020-09-14,Glenn,4,521,0,3
2020-09-15,Glenn,10,531,0,3
2020-09-16,Glenn,8,539,0,3
2020-09-17,Glenn,2,541,0,3
2020-09-18,Glenn,0,541,0,3
2020-09-19,Glenn,6,547,0,3
2020-09-20,Glenn,3,550,0,3
2020-09-21,Glenn,6,556,0,3
2020-09-22,Glenn,4,560,0,3
2020-09-23,Glenn,1,561,0,3
2020-09-24,Glenn,6,567,0,3
2020-09-25,Glenn,3,570,0,3
2020-09-26,Glenn,6,576,0,3
2020-09-27,Glenn,0,576,0,3
2020-09-28,Glenn,9,585,0,3
2020-09-29,Glenn,4,589,0,3
2020-09-30,Glenn,3,592,0,3
2020-10-01,Glenn,1,593,0,3
2020-10-02,Glenn,1,594,0,3
2020-10-03,Glenn,7,601,0,3
2020-10-04,Glenn,0,601,0,3
2020-10-05,Glenn,2,603,0,3
2020-10-06,Glenn,1,604,0,3
2020-10-07,Glenn,11,615,0,3
2020-10-08,Glenn,1,616,0,3
2020-10-09,Glenn,1,617,0,3
2020-10-10,Glenn,6,623,0,3
2020-10-11,Glenn,2,625,0,3
2020-10-12,Glenn,1,626,0,3
2020-10-13,Glenn,3,629,0,3
2020-10-14,Glenn,0,629,0,3
2020-10-15,Glenn,3,632,0,3
2020-10-16,Glenn,0,632,0,3
2020-10-17,Glenn,1,633,0,3
2020-10-18,Glenn,1,634,0,3
2020-10-19,Glenn,1,635,0,3
2020-10-20,Glenn,3,638,0,3
2020-10-21,Glenn,2,640,0,3
2020-10-22,Glenn,3,643,0,3
2020-10-23,Glenn,1,644,0,3
2020-10-24,Glenn,6,650,0,3
2020-10-25,Glenn,2,652,0,3
2020-10-26,Glenn,8,660,0,3
2020-10-27,Glenn,7,667,0,3
2020-10-28,Glenn,6,673,0,3
2020-10-29,Glenn,0,673,0,3
2020-10-30,Glenn,1,674,0,3
2020-10-31,Glenn,4,678,0,3
2020-11-01,Glenn,10,688,0,3
2020-11-02,Glenn,4,692,0,3
2020-11-03,Glenn,6,698,0,3
2020-11-04,Glenn,3,701,0,3
2020-11-05,Glenn,1,702,0,3
2020-11-06,Glenn,5,707,0,3
2020-11-07,Glenn,0,707,0,3
2020-11-08,Glenn,0,707,0,3
2020-11-09,Glenn,7,714,1,4
2020-11-10,Glenn,5,719,1,5
2020-11-11,Glenn,3,722,0,5
2020-11-12,Glenn,5,727,0,5
2020-11-13,Glenn,28,755,1,6
2020-11-14,Glenn,17,772,0,6
2020-11-15,Glenn,11,783,0,6
2020-11-16,Glenn,3,786,0,6
2020-11-17,Glenn,9,795,0,6
2020-11-18,Glenn,8,803,0,6
2020-11-19,Glenn,3,806,0,6
2020-11-20,Glenn,20,826,0,6
2020-11-21,Glenn,3,829,0,6
2020-11-22,Glenn,3,832,0,6
2020-11-23,Glenn,21,853,1,7
2020-11-24,Glenn,30,883,0,7
2020-11-25,Glenn,8,891,1,8
2020-11-26,Glenn,1,892,0,8
2020-11-27,Glenn,-1,891,0,8
2020-11-28,Glenn,34,925,0,8
2020-11-29,Glenn,26,951,0,8
2020-11-30,Glenn,3,954,2,10
2020-12-01,Glenn,35,989,0,10
2020-12-02,Glenn,6,995,1,11
2020-12-03,Glenn,2,997,0,11
2020-12-04,Glenn,20,1017,0,11
2020-12-05,Glenn,39,1056,0,11
2020-12-06,Glenn,11,1067,0,11
2020-12-07,Glenn,18,1085,0,11
2020-12-08,Glenn,9,1094,0,11
2020-12-09,Glenn,13,1107,0,11
2020-12-10,Glenn,19,1126,1,12
2020-12-11,Glenn,9,1135,0,12
2020-12-12,Glenn,8,1143,0,12
2020-12-13,Glenn,28,1171,0,12
2020-12-14,Glenn,15,1186,0,12
2020-12-15,Glenn,21,1207,0,12
2020-12-16,Glenn,29,1236,0,12
2020-12-17,Glenn,8,1244,0,12
2020-12-18,Glenn,20,1264,0,12
2020-12-19,Glenn,22,1286,0,12
2020-12-20,Glenn,9,1295,0,12
2020-12-21,Glenn,28,1323,0,12
2020-12-22,Glenn,14,1337,0,12
2020-03-18,Siskiyou,0,0,0,0
2020-03-19,Siskiyou,0,0,0,0
2020-03-20,Siskiyou,0,0,0,0
2020-03-21,Siskiyou,0,0,0,0
2020-03-22,Siskiyou,2,2,0,0
2020-03-23,Siskiyou,0,2,0,0
2020-03-24,Siskiyou,0,2,0,0
2020-03-25,Siskiyou,0,2,0,0
2020-03-26,Siskiyou,0,2,0,0
2020-03-27,Siskiyou,0,2,0,0
2020-03-28,Siskiyou,0,2,0,0
2020-03-29,Siskiyou,0,2,0,0
2020-03-30,Siskiyou,0,2,0,0
2020-03-31,Siskiyou,1,3,0,0
2020-04-01,Siskiyou,0,3,0,0
2020-04-02,Siskiyou,0,3,0,0
2020-04-03,Siskiyou,0,3,0,0
2020-04-04,Siskiyou,0,3,0,0
2020-04-05,Siskiyou,0,3,0,0
2020-04-06,Siskiyou,1,4,0,0
2020-04-07,Siskiyou,0,4,0,0
2020-04-08,Siskiyou,0,4,0,0
2020-04-09,Siskiyou,0,4,0,0
2020-04-10,Siskiyou,1,5,0,0
2020-04-11,Siskiyou,0,5,0,0
2020-04-12,Siskiyou,0,5,0,0
2020-04-13,Siskiyou,0,5,0,0
2020-04-14,Siskiyou,0,5,0,0
2020-04-15,Siskiyou,0,5,0,0
2020-04-16,Siskiyou,0,5,0,0
2020-04-17,Siskiyou,0,5,0,0
2020-04-18,Siskiyou,0,5,0,0
2020-04-19,Siskiyou,0,5,0,0
2020-04-20,Siskiyou,0,5,0,0
2020-04-21,Siskiyou,0,5,0,0
2020-04-22,Siskiyou,0,5,0,0
2020-04-23,Siskiyou,0,5,0,0
2020-04-24,Siskiyou,0,5,0,0
2020-04-25,Siskiyou,0,5,0,0
2020-04-26,Siskiyou,0,5,0,0
2020-04-27,Siskiyou,0,5,0,0
2020-04-28,Siskiyou,0,5,0,0
2020-04-29,Siskiyou,0,5,0,0
2020-04-30,Siskiyou,0,5,0,0
2020-05-01,Siskiyou,0,5,0,0
2020-05-02,Siskiyou,0,5,0,0
2020-05-03,Siskiyou,0,5,0,0
2020-05-04,Siskiyou,0,5,0,0
2020-05-05,Siskiyou,0,5,0,0
2020-05-06,Siskiyou,0,5,0,0
2020-05-07,Siskiyou,0,5,0,0
2020-05-08,Siskiyou,0,5,0,0
2020-05-09,Siskiyou,0,5,0,0
2020-05-10,Siskiyou,0,5,0,0
2020-05-11,Siskiyou,0,5,0,0
2020-05-12,Siskiyou,0,5,0,0
2020-05-13,Siskiyou,0,5,0,0
2020-05-14,Siskiyou,0,5,0,0
2020-05-15,Siskiyou,0,5,0,0
2020-05-16,Siskiyou,1,6,0,0
2020-05-17,Siskiyou,0,6,0,0
2020-05-18,Siskiyou,0,6,0,0
2020-05-19,Siskiyou,0,6,0,0
2020-05-20,Siskiyou,0,6,0,0
2020-05-21,Siskiyou,0,6,0,0
2020-05-22,Siskiyou,0,6,0,0
2020-05-23,Siskiyou,0,6,0,0
2020-05-24,Siskiyou,0,6,0,0
2020-05-25,Siskiyou,0,6,0,0
2020-05-26,Siskiyou,0,6,0,0
2020-05-27,Siskiyou,0,6,0,0
2020-05-28,Siskiyou,0,6,0,0
2020-05-29,Siskiyou,1,7,0,0
2020-05-30,Siskiyou,0,7,0,0
2020-05-31,Siskiyou,0,7,0,0
2020-06-01,Siskiyou,0,7,0,0
2020-06-02,Siskiyou,1,8,0,0
2020-06-03,Siskiyou,0,8,0,0
2020-06-04,Siskiyou,0,8,0,0
2020-06-05,Siskiyou,0,8,0,0
2020-06-06,Siskiyou,0,8,0,0
2020-06-07,Siskiyou,0,8,0,0
2020-06-08,Siskiyou,0,8,0,0
2020-06-09,Siskiyou,2,10,0,0
2020-06-10,Siskiyou,4,14,0,0
2020-06-11,Siskiyou,0,14,0,0
2020-06-12,Siskiyou,-1,13,0,0
2020-06-13,Siskiyou,0,13,0,0
2020-06-14,Siskiyou,0,13,0,0
2020-06-15,Siskiyou,1,14,0,0
2020-06-16,Siskiyou,1,15,0,0
2020-06-17,Siskiyou,1,16,0,0
2020-06-18,Siskiyou,2,18,0,0
2020-06-19,Siskiyou,3,21,0,0
2020-06-20,Siskiyou,1,22,0,0
2020-06-21,Siskiyou,1,23,0,0
2020-06-22,Siskiyou,0,23,0,0
2020-06-23,Siskiyou,1,24,0,0
2020-06-24,Siskiyou,0,24,0,0
2020-06-25,Siskiyou,0,24,0,0
2020-06-26,Siskiyou,0,24,0,0
2020-06-27,Siskiyou,1,25,0,0
2020-06-28,Siskiyou,0,25,0,0
2020-06-29,Siskiyou,0,25,0,0
2020-06-30,Siskiyou,2,27,0,0
2020-07-01,Siskiyou,1,28,0,0
2020-07-02,Siskiyou,2,30,0,0
2020-07-03,Siskiyou,0,30,0,0
2020-07-04,Siskiyou,0,30,0,0
2020-07-05,Siskiyou,0,30,0,0
2020-07-06,Siskiyou,0,30,0,0
2020-07-07,Siskiyou,0,30,0,0
2020-07-08,Siskiyou,1,31,0,0
2020-07-09,Siskiyou,0,31,0,0
2020-07-10,Siskiyou,0,31,0,0
2020-07-11,Siskiyou,5,36,0,0
2020-07-12,Siskiyou,0,36,0,0
2020-07-13,Siskiyou,1,37,0,0
2020-07-14,Siskiyou,1,38,0,0
2020-07-15,Siskiyou,0,38,0,0
2020-07-16,Siskiyou,1,39,0,0
2020-07-17,Siskiyou,1,40,0,0
2020-07-18,Siskiyou,2,42,0,0
2020-07-19,Siskiyou,0,42,0,0
2020-07-20,Siskiyou,0,42,0,0
2020-07-21,Siskiyou,6,48,0,0
2020-07-22,Siskiyou,4,52,0,0
2020-07-23,Siskiyou,1,53,0,0
2020-07-24,Siskiyou,0,53,0,0
2020-07-25,Siskiyou,1,54,0,0
2020-07-26,Siskiyou,0,54,0,0
2020-07-27,Siskiyou,0,54,0,0
2020-07-28,Siskiyou,3,57,0,0
2020-07-29,Siskiyou,1,58,0,0
2020-07-30,Siskiyou,2,60,0,0
2020-07-31,Siskiyou,1,61,0,0
2020-08-01,Siskiyou,3,64,0,0
2020-08-02,Siskiyou,1,65,0,0
2020-08-03,Siskiyou,2,67,0,0
2020-08-04,Siskiyou,4,71,0,0
2020-08-05,Siskiyou,1,72,0,0
2020-08-06,Siskiyou,1,73,0,0
2020-08-07,Siskiyou,0,73,0,0
2020-08-08,Siskiyou,0,73,0,0
2020-08-09,Siskiyou,1,74,0,0
2020-08-10,Siskiyou,14,88,0,0
2020-08-11,Siskiyou,2,90,0,0
2020-08-12,Siskiyou,0,90,0,0
2020-08-13,Siskiyou,5,95,0,0
2020-08-14,Siskiyou,3,98,0,0
2020-08-15,Siskiyou,2,100,0,0
2020-08-16,Siskiyou,2,102,0,0
2020-08-17,Siskiyou,1,103,0,0
2020-08-18,Siskiyou,0,103,0,0
2020-08-19,Siskiyou,0,103,0,0
2020-08-20,Siskiyou,-1,102,0,0
2020-08-21,Siskiyou,1,103,0,0
2020-08-22,Siskiyou,3,106,0,0
2020-08-23,Siskiyou,1,107,0,0
2020-08-24,Siskiyou,0,107,0,0
2020-08-25,Siskiyou,2,109,0,0
2020-08-26,Siskiyou,0,109,0,0
2020-08-27,Siskiyou,9,118,0,0
2020-08-28,Siskiyou,1,119,0,0
2020-08-29,Siskiyou,2,121,0,0
2020-08-30,Siskiyou,4,125,0,0
2020-08-31,Siskiyou,2,127,0,0
2020-09-01,Siskiyou,1,128,0,0
2020-09-02,Siskiyou,-1,127,0,0
2020-09-03,Siskiyou,1,128,0,0
2020-09-04,Siskiyou,1,129,0,0
2020-09-05,Siskiyou,2,131,0,0
2020-09-06,Siskiyou,1,132,0,0
2020-09-07,Siskiyou,1,133,0,0
2020-09-08,Siskiyou,3,136,0,0
2020-09-09,Siskiyou,1,137,0,0
2020-09-10,Siskiyou,0,137,0,0
2020-09-11,Siskiyou,2,139,0,0
2020-09-12,Siskiyou,2,141,0,0
2020-09-13,Siskiyou,2,143,0,0
2020-09-14,Siskiyou,0,143,0,0
2020-09-15,Siskiyou,0,143,0,0
2020-09-16,Siskiyou,2,145,0,0
2020-09-17,Siskiyou,1,146,0,0
2020-09-18,Siskiyou,0,146,0,0
2020-09-19,Siskiyou,0,146,0,0
2020-09-20,Siskiyou,0,146,0,0
2020-09-21,Siskiyou,0,146,0,0
2020-09-22,Siskiyou,3,149,0,0
2020-09-23,Siskiyou,0,149,0,0
2020-09-24,Siskiyou,0,149,0,0
2020-09-25,Siskiyou,0,149,0,0
2020-09-26,Siskiyou,0,149,0,0
2020-09-27,Siskiyou,0,149,0,0
2020-09-28,Siskiyou,0,149,0,0
2020-09-29,Siskiyou,1,150,0,0
2020-09-30,Siskiyou,0,150,0,0
2020-10-01,Siskiyou,0,150,0,0
2020-10-02,Siskiyou,1,151,0,0
2020-10-03,Siskiyou,1,152,0,0
2020-10-04,Siskiyou,1,153,0,0
2020-10-05,Siskiyou,0,153,0,0
2020-10-06,Siskiyou,1,154,0,0
2020-10-07,Siskiyou,0,154,0,0
2020-10-08,Siskiyou,2,156,0,0
2020-10-09,Siskiyou,0,156,0,0
2020-10-10,Siskiyou,5,161,0,0
2020-10-11,Siskiyou,1,162,0,0
2020-10-12,Siskiyou,0,162,0,0
2020-10-13,Siskiyou,1,163,0,0
2020-10-14,Siskiyou,3,166,0,0
2020-10-15,Siskiyou,0,166,0,0
2020-10-16,Siskiyou,1,167,0,0
2020-10-17,Siskiyou,0,167,0,0
2020-10-18,Siskiyou,0,167,0,0
2020-10-19,Siskiyou,0,167,0,0
2020-10-20,Siskiyou,1,168,0,0
2020-10-21,Siskiyou,1,169,0,0
2020-10-22,Siskiyou,0,169,0,0
2020-10-23,Siskiyou,3,172,0,0
2020-10-24,Siskiyou,2,174,0,0
2020-10-25,Siskiyou,2,176,0,0
2020-10-26,Siskiyou,3,179,0,0
2020-10-27,Siskiyou,2,181,0,0
2020-10-28,Siskiyou,1,182,0,0
2020-10-29,Siskiyou,3,185,0,0
2020-10-30,Siskiyou,7,192,0,0
2020-10-31,Siskiyou,8,200,0,0
2020-11-01,Siskiyou,5,205,0,0
2020-11-02,Siskiyou,11,216,0,0
2020-11-03,Siskiyou,3,219,0,0
2020-11-04,Siskiyou,3,222,0,0
2020-11-05,Siskiyou,6,228,0,0
2020-11-06,Siskiyou,9,237,0,0
2020-11-07,Siskiyou,4,241,0,0
2020-11-08,Siskiyou,5,246,0,0
2020-11-09,Siskiyou,11,257,0,0
2020-11-10,Siskiyou,6,263,1,1
2020-11-11,Siskiyou,-2,261,0,1
2020-11-12,Siskiyou,14,275,0,1
2020-11-13,Siskiyou,5,280,0,1
2020-11-14,Siskiyou,12,292,0,1
2020-11-15,Siskiyou,2,294,0,1
2020-11-16,Siskiyou,0,294,0,1
2020-11-17,Siskiyou,39,333,0,1
2020-11-18,Siskiyou,18,351,0,1
2020-11-19,Siskiyou,9,360,0,1
2020-11-20,Siskiyou,27,387,0,1
2020-11-21,Siskiyou,16,403,0,1
2020-11-22,Siskiyou,8,411,0,1
2020-11-23,Siskiyou,49,460,1,2
2020-11-24,Siskiyou,13,473,0,2
2020-11-25,Siskiyou,26,499,0,2
2020-11-26,Siskiyou,27,526,0,2
2020-11-27,Siskiyou,28,554,0,2
2020-11-28,Siskiyou,4,558,0,2
2020-11-29,Siskiyou,32,590,0,2
2020-11-30,Siskiyou,15,605,1,3
2020-12-01,Siskiyou,3,608,0,3
2020-12-02,Siskiyou,16,624,1,4
2020-12-03,Siskiyou,5,629,0,4
2020-12-04,Siskiyou,10,639,1,5
2020-12-05,Siskiyou,10,649,0,5
2020-12-06,Siskiyou,3,652,0,5
2020-12-07,Siskiyou,0,652,2,7
2020-12-08,Siskiyou,52,704,0,7
2020-12-09,Siskiyou,9,713,0,7
2020-12-10,Siskiyou,-1,712,0,7
2020-12-11,Siskiyou,41,753,0,7
2020-12-12,Siskiyou,9,762,0,7
2020-12-13,Siskiyou,0,762,0,7
2020-12-14,Siskiyou,2,764,1,8
2020-12-15,Siskiyou,48,812,0,8
2020-12-16,Siskiyou,6,818,0,8
2020-12-17,Siskiyou,9,827,0,8
2020-12-18,Siskiyou,13,840,0,8
2020-12-19,Siskiyou,13,853,0,8
2020-12-20,Siskiyou,17,870,0,8
2020-12-21,Siskiyou,8,878,0,8
2020-12-22,Siskiyou,2,880,0,8
2020-03-18,Madera,2,2,0,0
2020-03-19,Madera,1,3,0,0
2020-03-20,Madera,1,4,0,0
2020-03-21,Madera,0,4,0,0
2020-03-22,Madera,0,4,0,0
2020-03-23,Madera,0,4,0,0
2020-03-24,Madera,2,6,0,0
2020-03-25,Madera,0,6,0,0
2020-03-26,Madera,2,8,0,0
2020-03-27,Madera,2,10,1,1
2020-03-28,Madera,1,11,0,1
2020-03-29,Madera,0,11,0,1
2020-03-30,Madera,3,14,0,1
2020-03-31,Madera,3,17,0,1
2020-04-01,Madera,0,17,0,1
2020-04-02,Madera,8,25,0,1
2020-04-03,Madera,3,28,1,2
2020-04-04,Madera,-1,27,0,2
2020-04-05,Madera,0,27,0,2
2020-04-06,Madera,2,29,0,2
2020-04-07,Madera,-1,28,0,2
2020-04-08,Madera,0,28,0,2
2020-04-09,Madera,0,28,0,2
2020-04-10,Madera,1,29,0,2
2020-04-11,Madera,0,29,0,2
2020-04-12,Madera,0,29,0,2
2020-04-13,Madera,0,29,0,2
2020-04-14,Madera,0,29,0,2
2020-04-15,Madera,1,30,0,2
2020-04-16,Madera,4,34,0,2
2020-04-17,Madera,0,34,0,2
2020-04-18,Madera,0,34,0,2
2020-04-19,Madera,0,34,0,2
2020-04-20,Madera,1,35,0,2
2020-04-21,Madera,2,37,0,2
2020-04-22,Madera,0,37,0,2
2020-04-23,Madera,0,37,0,2
2020-04-24,Madera,2,39,0,2
2020-04-25,Madera,0,39,0,2
2020-04-26,Madera,0,39,0,2
2020-04-27,Madera,3,42,0,2
2020-04-28,Madera,2,44,0,2
2020-04-29,Madera,1,45,0,2
2020-04-30,Madera,1,46,0,2
2020-05-01,Madera,0,46,0,2
2020-05-02,Madera,0,46,0,2
2020-05-03,Madera,0,46,0,2
2020-05-04,Madera,6,52,0,2
2020-05-05,Madera,1,53,0,2
2020-05-06,Madera,2,55,0,2
2020-05-07,Madera,-1,54,0,2
2020-05-08,Madera,3,57,0,2
2020-05-09,Madera,4,61,0,2
2020-05-10,Madera,4,65,0,2
2020-05-11,Madera,3,68,0,2
2020-05-12,Madera,1,69,0,2
2020-05-13,Madera,0,69,0,2
2020-05-14,Madera,0,69,0,2
2020-05-15,Madera,2,71,0,2
2020-05-16,Madera,-1,70,0,2
2020-05-17,Madera,-1,69,0,2
2020-05-18,Madera,5,74,0,2
2020-05-19,Madera,6,80,0,2
2020-05-20,Madera,2,82,0,2
2020-05-21,Madera,0,82,0,2
2020-05-22,Madera,0,82,0,2
2020-05-23,Madera,1,83,0,2
2020-05-24,Madera,0,83,0,2
2020-05-25,Madera,0,83,0,2
2020-05-26,Madera,0,83,0,2
2020-05-27,Madera,8,91,0,2
2020-05-28,Madera,2,93,0,2
2020-05-29,Madera,5,98,0,2
2020-05-30,Madera,3,101,0,2
2020-05-31,Madera,0,101,0,2
2020-06-01,Madera,2,103,0,2
2020-06-02,Madera,7,110,1,3
2020-06-03,Madera,7,117,0,3
2020-06-04,Madera,10,127,0,3
2020-06-05,Madera,17,144,0,3
2020-06-06,Madera,5,149,0,3
2020-06-07,Madera,0,149,0,3
2020-06-08,Madera,5,154,0,3
2020-06-09,Madera,18,172,0,3
2020-06-10,Madera,4,176,0,3
2020-06-11,Madera,2,178,0,3
2020-06-12,Madera,9,187,0,3
2020-06-13,Madera,16,203,0,3
2020-06-14,Madera,0,203,0,3
2020-06-15,Madera,0,203,0,3
2020-06-16,Madera,36,239,1,4
2020-06-17,Madera,19,258,0,4
2020-06-18,Madera,30,288,0,4
2020-06-19,Madera,12,300,0,4
2020-06-20,Madera,21,321,0,4
2020-06-21,Madera,-2,319,0,4
2020-06-22,Madera,14,333,1,5
2020-06-23,Madera,36,369,0,5
2020-06-24,Madera,4,373,0,5
2020-06-25,Madera,11,384,0,5
2020-06-26,Madera,31,415,0,5
2020-06-27,Madera,20,435,0,5
2020-06-28,Madera,11,446,0,5
2020-06-29,Madera,24,470,0,5
2020-06-30,Madera,34,504,0,5
2020-07-01,Madera,16,520,0,5
2020-07-02,Madera,28,548,0,5
2020-07-03,Madera,17,565,0,5
2020-07-04,Madera,3,568,0,5
2020-07-05,Madera,-4,564,0,5
2020-07-06,Madera,170,734,0,5
2020-07-07,Madera,60,794,2,7
2020-07-08,Madera,34,828,1,8
2020-07-09,Madera,22,850,0,8
2020-07-10,Madera,64,914,0,8
2020-07-11,Madera,74,988,0,8
2020-07-12,Madera,37,1025,0,8
2020-07-13,Madera,34,1059,0,8
2020-07-14,Madera,59,1118,1,9
2020-07-15,Madera,29,1147,1,10
2020-07-16,Madera,45,1192,1,11
2020-07-17,Madera,22,1214,0,11
2020-07-18,Madera,46,1260,0,11
2020-07-19,Madera,41,1301,0,11
2020-07-20,Madera,132,1433,2,13
2020-07-21,Madera,75,1508,0,13
2020-07-22,Madera,70,1578,3,16
2020-07-23,Madera,81,1659,2,18
2020-07-24,Madera,20,1679,1,19
2020-07-25,Madera,45,1724,0,19
2020-07-26,Madera,20,1744,0,19
2020-07-27,Madera,49,1793,2,21
2020-07-28,Madera,96,1889,2,23
2020-07-29,Madera,52,1941,5,28
2020-07-30,Madera,66,2007,0,28
2020-07-31,Madera,29,2036,2,30
2020-08-01,Madera,67,2103,0,30
2020-08-02,Madera,20,2123,0,30
2020-08-03,Madera,20,2143,2,32
2020-08-04,Madera,18,2161,0,32
2020-08-05,Madera,11,2172,0,32
2020-08-06,Madera,68,2240,4,36
2020-08-07,Madera,5,2245,3,39
2020-08-08,Madera,30,2275,0,39
2020-08-09,Madera,47,2322,0,39
2020-08-10,Madera,43,2365,0,39
2020-08-11,Madera,308,2673,1,40
2020-08-12,Madera,8,2681,4,44
2020-08-13,Madera,-6,2675,2,46
2020-08-14,Madera,201,2876,1,47
2020-08-15,Madera,74,2950,0,47
2020-08-16,Madera,63,3013,0,47
2020-08-17,Madera,37,3050,0,47
2020-08-18,Madera,75,3125,0,47
2020-08-19,Madera,33,3158,0,47
2020-08-20,Madera,39,3197,2,49
2020-08-21,Madera,74,3271,0,49
2020-08-22,Madera,59,3330,0,49
2020-08-23,Madera,71,3401,0,49
2020-08-24,Madera,17,3418,1,50
2020-08-25,Madera,28,3446,1,51
2020-08-26,Madera,12,3458,2,53
2020-08-27,Madera,7,3465,0,53
2020-08-28,Madera,87,3552,1,54
2020-08-29,Madera,53,3605,0,54
2020-08-30,Madera,21,3626,0,54
2020-08-31,Madera,36,3662,0,54
2020-09-01,Madera,41,3703,1,55
2020-09-02,Madera,32,3735,0,55
2020-09-03,Madera,45,3780,2,57
2020-09-04,Madera,58,3838,1,58
2020-09-05,Madera,13,3851,0,58
2020-09-06,Madera,16,3867,0,58
2020-09-07,Madera,22,3889,0,58
2020-09-08,Madera,15,3904,0,58
2020-09-09,Madera,22,3926,0,58
2020-09-10,Madera,53,3979,0,58
2020-09-11,Madera,39,4018,0,58
2020-09-12,Madera,40,4058,0,58
2020-09-13,Madera,32,4090,0,58
2020-09-14,Madera,14,4104,0,58
2020-09-15,Madera,18,4122,0,58
2020-09-16,Madera,16,4138,0,58
2020-09-17,Madera,14,4152,0,58
2020-09-18,Madera,59,4211,0,58
2020-09-19,Madera,26,4237,0,58
2020-09-20,Madera,20,4257,0,58
2020-09-21,Madera,18,4275,4,62
2020-09-22,Madera,28,4303,3,65
2020-09-23,Madera,8,4311,0,65
2020-09-24,Madera,33,4344,0,65
2020-09-25,Madera,25,4369,0,65
2020-09-26,Madera,41,4410,0,65
2020-09-27,Madera,6,4416,0,65
2020-09-28,Madera,22,4438,0,65
2020-09-29,Madera,15,4453,0,65
2020-09-30,Madera,24,4477,0,65
2020-10-01,Madera,31,4508,3,68
2020-10-02,Madera,29,4537,2,70
2020-10-03,Madera,28,4565,0,70
2020-10-04,Madera,22,4587,0,70
2020-10-05,Madera,11,4598,0,70
2020-10-06,Madera,10,4608,0,70
2020-10-07,Madera,10,4618,0,70
2020-10-08,Madera,19,4637,0,70
2020-10-09,Madera,9,4646,1,71
2020-10-10,Madera,16,4662,0,71
2020-10-11,Madera,18,4680,0,71
2020-10-12,Madera,9,4689,0,71
2020-10-13,Madera,11,4700,0,71
2020-10-14,Madera,13,4713,2,73
2020-10-15,Madera,10,4723,0,73
2020-10-16,Madera,13,4736,0,73
2020-10-17,Madera,23,4759,0,73
2020-10-18,Madera,11,4770,0,73
2020-10-19,Madera,17,4787,0,73
2020-10-20,Madera,36,4823,0,73
2020-10-21,Madera,8,4831,0,73
2020-10-22,Madera,16,4847,1,74
2020-10-23,Madera,41,4888,0,74
2020-10-24,Madera,10,4898,0,74
2020-10-25,Madera,11,4909,0,74
2020-10-26,Madera,13,4922,0,74
2020-10-27,Madera,20,4942,0,74
2020-10-28,Madera,12,4954,2,76
2020-10-29,Madera,16,4970,0,76
2020-10-30,Madera,21,4991,0,76
2020-10-31,Madera,22,5013,0,76
2020-11-01,Madera,6,5019,0,76
2020-11-02,Madera,14,5033,0,76
2020-11-03,Madera,25,5058,0,76
2020-11-04,Madera,25,5083,0,76
2020-11-05,Madera,46,5129,0,76
2020-11-06,Madera,7,5136,0,76
2020-11-07,Madera,33,5169,0,76
2020-11-08,Madera,27,5196,0,76
2020-11-09,Madera,13,5209,0,76
2020-11-10,Madera,20,5229,0,76
2020-11-11,Madera,19,5248,0,76
2020-11-12,Madera,25,5273,0,76
2020-11-13,Madera,67,5340,0,76
2020-11-14,Madera,31,5371,0,76
2020-11-15,Madera,20,5391,0,76
2020-11-16,Madera,42,5433,0,76
2020-11-17,Madera,52,5485,0,76
2020-11-18,Madera,34,5519,3,79
2020-11-19,Madera,21,5540,0,79
2020-11-20,Madera,95,5635,1,80
2020-11-21,Madera,71,5706,0,80
2020-11-22,Madera,39,5745,0,80
2020-11-23,Madera,42,5787,0,80
2020-11-24,Madera,94,5881,3,83
2020-11-25,Madera,108,5989,2,85
2020-11-26,Madera,14,6003,0,85
2020-11-27,Madera,47,6050,0,85
2020-11-28,Madera,69,6119,0,85
2020-11-29,Madera,65,6184,0,85
2020-11-30,Madera,26,6210,1,86
2020-12-01,Madera,60,6270,0,86
2020-12-02,Madera,100,6370,0,86
2020-12-03,Madera,28,6398,0,86
2020-12-04,Madera,81,6479,4,90
2020-12-05,Madera,140,6619,0,90
2020-12-06,Madera,207,6826,0,90
2020-12-07,Madera,109,6935,0,90
2020-12-08,Madera,147,7082,17,107
2020-12-09,Madera,134,7216,0,107
2020-12-10,Madera,229,7445,0,107
2020-12-11,Madera,203,7648,0,107
2020-12-12,Madera,117,7765,0,107
2020-12-13,Madera,144,7909,0,107
2020-12-14,Madera,102,8011,0,107
2020-12-15,Madera,107,8118,0,107
2020-12-16,Madera,160,8278,4,111
2020-12-17,Madera,187,8465,0,111
2020-12-18,Madera,144,8609,0,111
2020-12-19,Madera,108,8717,0,111
2020-12-20,Madera,154,8871,0,111
2020-12-21,Madera,198,9069,0,111
2020-12-22,Madera,118,9187,0,111
2020-03-18,Tehama,0,0,0,0
2020-03-19,Tehama,0,0,0,0
2020-03-20,Tehama,0,0,0,0
2020-03-21,Tehama,0,0,0,0
2020-03-22,Tehama,0,0,0,0
2020-03-23,Tehama,0,0,0,0
2020-03-24,Tehama,0,0,0,0
2020-03-25,Tehama,0,0,0,0
2020-03-26,Tehama,0,0,0,0
2020-03-27,Tehama,0,0,0,0
2020-03-28,Tehama,0,0,0,0
2020-03-29,Tehama,0,0,0,0
2020-03-30,Tehama,0,0,0,0
2020-03-31,Tehama,0,0,0,0
2020-04-01,Tehama,0,0,0,0
2020-04-02,Tehama,1,1,0,0
2020-04-03,Tehama,0,1,0,0
2020-04-04,Tehama,0,1,0,0
2020-04-05,Tehama,0,1,0,0
2020-04-06,Tehama,0,1,0,0
2020-04-07,Tehama,0,1,0,0
2020-04-08,Tehama,0,1,0,0
2020-04-09,Tehama,0,1,0,0
2020-04-10,Tehama,0,1,0,0
2020-04-11,Tehama,0,1,0,0
2020-04-12,Tehama,0,1,0,0
2020-04-13,Tehama,0,1,0,0
2020-04-14,Tehama,0,1,0,0
2020-04-15,Tehama,0,1,1,1
2020-04-16,Tehama,0,1,0,1
2020-04-17,Tehama,0,1,0,1
2020-04-18,Tehama,0,1,0,1
2020-04-19,Tehama,0,1,0,1
2020-04-20,Tehama,0,1,0,1
2020-04-21,Tehama,0,1,0,1
2020-04-22,Tehama,0,1,0,1
2020-04-23,Tehama,0,1,0,1
2020-04-24,Tehama,0,1,0,1
2020-04-25,Tehama,0,1,0,1
2020-04-26,Tehama,0,1,0,1
2020-04-27,Tehama,0,1,0,1
2020-04-28,Tehama,0,1,0,1
2020-04-29,Tehama,0,1,0,1
2020-04-30,Tehama,0,1,0,1
2020-05-01,Tehama,0,1,0,1
2020-05-02,Tehama,0,1,0,1
2020-05-03,Tehama,0,1,0,1
2020-05-04,Tehama,0,1,0,1
2020-05-05,Tehama,0,1,0,1
2020-05-06,Tehama,0,1,0,1
2020-05-07,Tehama,0,1,0,1
2020-05-08,Tehama,0,1,0,1
2020-05-09,Tehama,0,1,0,1
2020-05-10,Tehama,0,1,0,1
2020-05-11,Tehama,0,1,0,1
2020-05-12,Tehama,0,1,0,1
2020-05-13,Tehama,0,1,0,1
2020-05-14,Tehama,0,1,0,1
2020-05-15,Tehama,0,1,0,1
2020-05-16,Tehama,1,2,0,1
2020-05-17,Tehama,0,2,0,1
2020-05-18,Tehama,0,2,0,1
2020-05-19,Tehama,0,2,0,1
2020-05-20,Tehama,0,2,0,1
2020-05-21,Tehama,0,2,0,1
2020-05-22,Tehama,0,2,0,1
2020-05-23,Tehama,0,2,0,1
2020-05-24,Tehama,0,2,0,1
2020-05-25,Tehama,0,2,0,1
2020-05-26,Tehama,0,2,0,1
2020-05-27,Tehama,1,3,0,1
2020-05-28,Tehama,1,4,0,1
2020-05-29,Tehama,0,4,0,1
2020-05-30,Tehama,0,4,0,1
2020-05-31,Tehama,0,4,0,1
2020-06-01,Tehama,1,5,0,1
2020-06-02,Tehama,1,6,0,1
2020-06-03,Tehama,0,6,0,1
2020-06-04,Tehama,0,6,0,1
2020-06-05,Tehama,1,7,0,1
2020-06-06,Tehama,1,8,0,1
2020-06-07,Tehama,0,8,0,1
2020-06-08,Tehama,0,8,0,1
2020-06-09,Tehama,1,9,0,1
2020-06-10,Tehama,1,10,0,1
2020-06-11,Tehama,0,10,0,1
2020-06-12,Tehama,3,13,0,1
2020-06-13,Tehama,4,17,0,1
2020-06-14,Tehama,0,17,0,1
2020-06-15,Tehama,0,17,0,1
2020-06-16,Tehama,7,24,0,1
2020-06-17,Tehama,0,24,0,1
2020-06-18,Tehama,7,31,0,1
2020-06-19,Tehama,4,35,0,1
2020-06-20,Tehama,0,35,0,1
2020-06-21,Tehama,0,35,0,1
2020-06-22,Tehama,3,38,0,1
2020-06-23,Tehama,12,50,0,1
2020-06-24,Tehama,5,55,0,1
2020-06-25,Tehama,4,59,0,1
2020-06-26,Tehama,4,63,0,1
2020-06-27,Tehama,1,64,0,1
2020-06-28,Tehama,3,67,0,1
2020-06-29,Tehama,4,71,0,1
2020-06-30,Tehama,7,78,0,1
2020-07-01,Tehama,2,80,0,1
2020-07-02,Tehama,6,86,0,1
2020-07-03,Tehama,3,89,0,1
2020-07-04,Tehama,3,92,0,1
2020-07-05,Tehama,3,95,0,1
2020-07-06,Tehama,0,95,0,1
2020-07-07,Tehama,0,95,0,1
2020-07-08,Tehama,5,100,0,1
2020-07-09,Tehama,2,102,0,1
2020-07-10,Tehama,5,107,0,1
2020-07-11,Tehama,4,111,0,1
2020-07-12,Tehama,0,111,0,1
2020-07-13,Tehama,1,112,0,1
2020-07-14,Tehama,11,123,0,1
2020-07-15,Tehama,3,126,0,1
2020-07-16,Tehama,0,126,0,1
2020-07-17,Tehama,2,128,0,1
2020-07-18,Tehama,8,136,0,1
2020-07-19,Tehama,2,138,0,1
2020-07-20,Tehama,8,146,0,1
2020-07-21,Tehama,4,150,0,1
2020-07-22,Tehama,5,155,0,1
2020-07-23,Tehama,3,158,0,1
2020-07-24,Tehama,12,170,0,1
2020-07-25,Tehama,-1,169,0,1
2020-07-26,Tehama,6,175,0,1
2020-07-27,Tehama,17,192,0,1
2020-07-28,Tehama,7,199,0,1
2020-07-29,Tehama,7,206,0,1
2020-07-30,Tehama,2,208,0,1
2020-07-31,Tehama,5,213,0,1
2020-08-01,Tehama,7,220,0,1
2020-08-02,Tehama,2,222,0,1
2020-08-03,Tehama,3,225,0,1
2020-08-04,Tehama,1,226,0,1
2020-08-05,Tehama,5,231,0,1
2020-08-06,Tehama,11,242,0,1
2020-08-07,Tehama,4,246,0,1
2020-08-08,Tehama,5,251,0,1
2020-08-09,Tehama,14,265,0,1
2020-08-10,Tehama,17,282,0,1
2020-08-11,Tehama,7,289,0,1
2020-08-12,Tehama,0,289,0,1
2020-08-13,Tehama,13,302,0,1
2020-08-14,Tehama,3,305,0,1
2020-08-15,Tehama,7,312,0,1
2020-08-16,Tehama,6,318,0,1
2020-08-17,Tehama,6,324,0,1
2020-08-18,Tehama,9,333,0,1
2020-08-19,Tehama,9,342,0,1
2020-08-20,Tehama,8,350,0,1
2020-08-21,Tehama,7,357,0,1
2020-08-22,Tehama,11,368,0,1
2020-08-23,Tehama,13,381,0,1
2020-08-24,Tehama,7,388,0,1
2020-08-25,Tehama,6,394,0,1
2020-08-26,Tehama,2,396,0,1
2020-08-27,Tehama,2,398,0,1
2020-08-28,Tehama,12,410,0,1
2020-08-29,Tehama,7,417,0,1
2020-08-30,Tehama,2,419,0,1
2020-08-31,Tehama,2,421,0,1
2020-09-01,Tehama,1,422,0,1
2020-09-02,Tehama,7,429,0,1
2020-09-03,Tehama,7,436,0,1
2020-09-04,Tehama,6,442,0,1
2020-09-05,Tehama,5,447,0,1
2020-09-06,Tehama,8,455,0,1
2020-09-07,Tehama,-2,453,0,1
2020-09-08,Tehama,5,458,0,1
2020-09-09,Tehama,4,462,0,1
2020-09-10,Tehama,4,466,0,1
2020-09-11,Tehama,0,466,0,1
2020-09-12,Tehama,5,471,0,1
2020-09-13,Tehama,5,476,0,1
2020-09-14,Tehama,-1,475,0,1
2020-09-15,Tehama,9,484,2,3
2020-09-16,Tehama,1,485,0,3
2020-09-17,Tehama,2,487,1,4
2020-09-18,Tehama,3,490,0,4
2020-09-19,Tehama,8,498,0,4
2020-09-20,Tehama,11,509,0,4
2020-09-21,Tehama,4,513,0,4
2020-09-22,Tehama,16,529,0,4
2020-09-23,Tehama,4,533,0,4
2020-09-24,Tehama,7,540,0,4
2020-09-25,Tehama,6,546,1,5
2020-09-26,Tehama,14,560,0,5
2020-09-27,Tehama,13,573,0,5
2020-09-28,Tehama,6,579,0,5
2020-09-29,Tehama,6,585,0,5
2020-09-30,Tehama,9,594,0,5
2020-10-01,Tehama,12,606,0,5
2020-10-02,Tehama,13,619,1,6
2020-10-03,Tehama,11,630,1,7
2020-10-04,Tehama,7,637,0,7
2020-10-05,Tehama,5,642,0,7
2020-10-06,Tehama,18,660,0,7
2020-10-07,Tehama,6,666,0,7
2020-10-08,Tehama,10,676,0,7
2020-10-09,Tehama,6,682,1,8
2020-10-10,Tehama,11,693,0,8
2020-10-11,Tehama,9,702,0,8
2020-10-12,Tehama,6,708,0,8
2020-10-13,Tehama,9,717,0,8
2020-10-14,Tehama,4,721,0,8
2020-10-15,Tehama,5,726,0,8
2020-10-16,Tehama,11,737,0,8
2020-10-17,Tehama,27,764,0,8
2020-10-18,Tehama,10,774,0,8
2020-10-19,Tehama,19,793,0,8
2020-10-20,Tehama,20,813,0,8
2020-10-21,Tehama,11,824,0,8
2020-10-22,Tehama,28,852,0,8
2020-10-23,Tehama,10,862,0,8
2020-10-24,Tehama,10,872,0,8
2020-10-25,Tehama,8,880,0,8
2020-10-26,Tehama,12,892,0,8
2020-10-27,Tehama,21,913,1,9
2020-10-28,Tehama,8,921,0,9
2020-10-29,Tehama,4,925,0,9
2020-10-30,Tehama,7,932,0,9
2020-10-31,Tehama,21,953,5,14
2020-11-01,Tehama,12,965,0,14
2020-11-02,Tehama,6,971,0,14
2020-11-03,Tehama,17,988,1,15
2020-11-04,Tehama,9,997,0,15
2020-11-05,Tehama,18,1015,2,17
2020-11-06,Tehama,9,1024,0,17
2020-11-07,Tehama,16,1040,2,19
2020-11-08,Tehama,14,1054,0,19
2020-11-09,Tehama,17,1071,0,19
2020-11-10,Tehama,28,1099,0,19
2020-11-11,Tehama,6,1105,0,19
2020-11-12,Tehama,12,1117,0,19
2020-11-13,Tehama,50,1167,0,19
2020-11-14,Tehama,39,1206,0,19
2020-11-15,Tehama,16,1222,0,19
2020-11-16,Tehama,39,1261,0,19
2020-11-17,Tehama,29,1290,0,19
2020-11-18,Tehama,48,1338,0,19
2020-11-19,Tehama,35,1373,4,23
2020-11-20,Tehama,37,1410,0,23
2020-11-21,Tehama,25,1435,0,23
2020-11-22,Tehama,22,1457,0,23
2020-11-23,Tehama,69,1526,0,23
2020-11-24,Tehama,39,1565,2,25
2020-11-25,Tehama,22,1587,0,25
2020-11-26,Tehama,25,1612,0,25
2020-11-27,Tehama,37,1649,0,25
2020-11-28,Tehama,29,1678,0,25
2020-11-29,Tehama,32,1710,0,25
2020-11-30,Tehama,14,1724,0,25
2020-12-01,Tehama,49,1773,1,26
2020-12-02,Tehama,27,1800,0,26
2020-12-03,Tehama,32,1832,0,26
2020-12-04,Tehama,44,1876,0,26
2020-12-05,Tehama,50,1926,2,28
2020-12-06,Tehama,56,1982,0,28
2020-12-07,Tehama,48,2030,0,28
2020-12-08,Tehama,27,2057,1,29
2020-12-09,Tehama,45,2102,1,30
2020-12-10,Tehama,88,2190,0,30
2020-12-11,Tehama,42,2232,0,30
2020-12-12,Tehama,20,2252,0,30
2020-12-13,Tehama,73,2325,0,30
2020-12-14,Tehama,19,2344,0,30
2020-12-15,Tehama,48,2392,1,31
2020-12-16,Tehama,49,2441,0,31
2020-12-17,Tehama,39,2480,0,31
2020-12-18,Tehama,43,2523,1,32
2020-12-19,Tehama,51,2574,0,32
2020-12-20,Tehama,28,2602,0,32
2020-12-21,Tehama,54,2656,0,32
2020-12-22,Tehama,32,2688,0,32
2020-03-18,Sutter,0,0,0,0
2020-03-19,Sutter,0,0,0,0
2020-03-20,Sutter,0,0,0,0
2020-03-21,Sutter,0,0,0,0
2020-03-22,Sutter,0,0,0,0
2020-03-23,Sutter,0,0,0,0
2020-03-24,Sutter,0,0,0,0
2020-03-25,Sutter,1,1,0,0
2020-03-26,Sutter,1,2,0,0
2020-03-27,Sutter,0,2,0,0
2020-03-28,Sutter,1,3,0,0
2020-03-29,Sutter,3,6,0,0
2020-03-30,Sutter,0,6,0,0
2020-03-31,Sutter,2,8,0,0
2020-04-01,Sutter,1,9,1,1
2020-04-02,Sutter,1,10,0,1
2020-04-03,Sutter,2,12,0,1
2020-04-04,Sutter,2,14,0,1
2020-04-05,Sutter,0,14,0,1
2020-04-06,Sutter,0,14,1,2
2020-04-07,Sutter,2,16,0,2
2020-04-08,Sutter,1,17,0,2
2020-04-09,Sutter,0,17,0,2
2020-04-10,Sutter,1,18,0,2
2020-04-11,Sutter,0,18,0,2
2020-04-12,Sutter,0,18,0,2
2020-04-13,Sutter,0,18,0,2
2020-04-14,Sutter,1,19,0,2
2020-04-15,Sutter,0,19,0,2
2020-04-16,Sutter,2,21,0,2
2020-04-17,Sutter,-1,20,0,2
2020-04-18,Sutter,1,21,0,2
2020-04-19,Sutter,0,21,0,2
2020-04-20,Sutter,1,22,0,2
2020-04-21,Sutter,0,22,0,2
2020-04-22,Sutter,0,22,0,2
2020-04-23,Sutter,2,24,0,2
2020-04-24,Sutter,0,24,0,2
2020-04-25,Sutter,0,24,0,2
2020-04-26,Sutter,2,26,0,2
2020-04-27,Sutter,0,26,0,2
2020-04-28,Sutter,-1,25,0,2
2020-04-29,Sutter,3,28,0,2
2020-04-30,Sutter,0,28,0,2
2020-05-01,Sutter,0,28,0,2
2020-05-02,Sutter,0,28,0,2
2020-05-03,Sutter,0,28,0,2
2020-05-04,Sutter,0,28,0,2
2020-05-05,Sutter,1,29,0,2
2020-05-06,Sutter,0,29,0,2
2020-05-07,Sutter,0,29,0,2
2020-05-08,Sutter,1,30,0,2
2020-05-09,Sutter,1,31,0,2
2020-05-10,Sutter,0,31,0,2
2020-05-11,Sutter,1,32,0,2
2020-05-12,Sutter,1,33,0,2
2020-05-13,Sutter,0,33,0,2
2020-05-14,Sutter,1,34,0,2
2020-05-15,Sutter,1,35,0,2
2020-05-16,Sutter,0,35,0,2
2020-05-17,Sutter,3,38,0,2
2020-05-18,Sutter,0,38,0,2
2020-05-19,Sutter,0,38,0,2
2020-05-20,Sutter,0,38,0,2
2020-05-21,Sutter,0,38,0,2
2020-05-22,Sutter,0,38,0,2
2020-05-23,Sutter,0,38,0,2
2020-05-24,Sutter,0,38,0,2
2020-05-25,Sutter,0,38,0,2
2020-05-26,Sutter,1,39,0,2
2020-05-27,Sutter,1,40,0,2
2020-05-28,Sutter,0,40,0,2
2020-05-29,Sutter,0,40,0,2
2020-05-30,Sutter,0,40,0,2
2020-05-31,Sutter,2,42,0,2
2020-06-01,Sutter,1,43,0,2
2020-06-02,Sutter,0,43,0,2
2020-06-03,Sutter,2,45,0,2
2020-06-04,Sutter,1,46,0,2
2020-06-05,Sutter,3,49,0,2
2020-06-06,Sutter,2,51,0,2
2020-06-07,Sutter,4,55,0,2
2020-06-08,Sutter,0,55,0,2
2020-06-09,Sutter,1,56,0,2
2020-06-10,Sutter,0,56,0,2
2020-06-11,Sutter,0,56,0,2
2020-06-12,Sutter,0,56,0,2
2020-06-13,Sutter,6,62,0,2
2020-06-14,Sutter,1,63,0,2
2020-06-15,Sutter,8,71,1,3
2020-06-16,Sutter,2,73,0,3
2020-06-17,Sutter,6,79,0,3
2020-06-18,Sutter,6,85,0,3
2020-06-19,Sutter,4,89,0,3
2020-06-20,Sutter,0,89,0,3
2020-06-21,Sutter,7,96,0,3
2020-06-22,Sutter,4,100,0,3
2020-06-23,Sutter,12,112,0,3
2020-06-24,Sutter,6,118,0,3
2020-06-25,Sutter,9,127,0,3
2020-06-26,Sutter,13,140,0,3
2020-06-27,Sutter,4,144,0,3
2020-06-28,Sutter,8,152,0,3
2020-06-29,Sutter,16,168,0,3
2020-06-30,Sutter,13,181,0,3
2020-07-01,Sutter,7,188,0,3
2020-07-02,Sutter,7,195,0,3
2020-07-03,Sutter,10,205,0,3
2020-07-04,Sutter,20,225,0,3
2020-07-05,Sutter,16,241,0,3
2020-07-06,Sutter,9,250,0,3
2020-07-07,Sutter,23,273,0,3
2020-07-08,Sutter,25,298,1,4
2020-07-09,Sutter,23,321,0,4
2020-07-10,Sutter,17,338,0,4
2020-07-11,Sutter,14,352,0,4
2020-07-12,Sutter,10,362,0,4
2020-07-13,Sutter,17,379,0,4
2020-07-14,Sutter,26,405,0,4
2020-07-15,Sutter,28,433,0,4
2020-07-16,Sutter,11,444,0,4
2020-07-17,Sutter,14,458,0,4
2020-07-18,Sutter,15,473,0,4
2020-07-19,Sutter,7,480,0,4
2020-07-20,Sutter,27,507,0,4
2020-07-21,Sutter,26,533,0,4
2020-07-22,Sutter,18,551,0,4
2020-07-23,Sutter,19,570,0,4
2020-07-24,Sutter,23,593,0,4
2020-07-25,Sutter,10,603,0,4
2020-07-26,Sutter,9,612,0,4
2020-07-27,Sutter,8,620,0,4
2020-07-28,Sutter,33,653,2,6
2020-07-29,Sutter,25,678,0,6
2020-07-30,Sutter,20,698,0,6
2020-07-31,Sutter,16,714,0,6
2020-08-01,Sutter,0,714,0,6
2020-08-02,Sutter,0,714,0,6
2020-08-03,Sutter,-1,713,0,6
2020-08-04,Sutter,48,761,0,6
2020-08-05,Sutter,19,780,0,6
2020-08-06,Sutter,17,797,0,6
2020-08-07,Sutter,10,807,0,6
2020-08-08,Sutter,23,830,1,7
2020-08-09,Sutter,27,857,0,7
2020-08-10,Sutter,8,865,0,7
2020-08-11,Sutter,99,964,0,7
2020-08-12,Sutter,23,987,0,7
2020-08-13,Sutter,5,992,0,7
2020-08-14,Sutter,47,1039,0,7
2020-08-15,Sutter,7,1046,0,7
2020-08-16,Sutter,25,1071,0,7
2020-08-17,Sutter,0,1071,0,7
2020-08-18,Sutter,55,1126,0,7
2020-08-19,Sutter,20,1146,0,7
2020-08-20,Sutter,12,1158,0,7
2020-08-21,Sutter,15,1173,0,7
2020-08-22,Sutter,16,1189,0,7
2020-08-23,Sutter,14,1203,1,8
2020-08-24,Sutter,16,1219,0,8
2020-08-25,Sutter,40,1259,0,8
2020-08-26,Sutter,16,1275,0,8
2020-08-27,Sutter,21,1296,0,8
2020-08-28,Sutter,12,1308,2,10
2020-08-29,Sutter,25,1333,0,10
2020-08-30,Sutter,18,1351,0,10
2020-08-31,Sutter,14,1365,0,10
2020-09-01,Sutter,24,1389,0,10
2020-09-02,Sutter,12,1401,0,10
2020-09-03,Sutter,11,1412,0,10
2020-09-04,Sutter,13,1425,0,10
2020-09-05,Sutter,20,1445,0,10
2020-09-06,Sutter,6,1451,0,10
2020-09-07,Sutter,17,1468,0,10
2020-09-08,Sutter,5,1473,0,10
2020-09-09,Sutter,14,1487,0,10
2020-09-10,Sutter,7,1494,0,10
2020-09-11,Sutter,11,1505,0,10
2020-09-12,Sutter,24,1529,0,10
2020-09-13,Sutter,10,1539,0,10
2020-09-14,Sutter,10,1549,0,10
2020-09-15,Sutter,7,1556,0,10
2020-09-16,Sutter,11,1567,0,10
2020-09-17,Sutter,5,1572,0,10
2020-09-18,Sutter,14,1586,0,10
2020-09-19,Sutter,16,1602,0,10
2020-09-20,Sutter,22,1624,0,10
2020-09-21,Sutter,10,1634,0,10
2020-09-22,Sutter,4,1638,0,10
2020-09-23,Sutter,8,1646,1,11
2020-09-24,Sutter,0,1646,0,11
2020-09-25,Sutter,9,1655,0,11
2020-09-26,Sutter,7,1662,0,11
2020-09-27,Sutter,10,1672,0,11
2020-09-28,Sutter,4,1676,0,11
2020-09-29,Sutter,1,1677,0,11
2020-09-30,Sutter,3,1680,0,11
2020-10-01,Sutter,4,1684,0,11
2020-10-02,Sutter,9,1693,0,11
2020-10-03,Sutter,12,1705,0,11
2020-10-04,Sutter,6,1711,0,11
2020-10-05,Sutter,8,1719,0,11
2020-10-06,Sutter,3,1722,1,12
2020-10-07,Sutter,1,1723,0,12
2020-10-08,Sutter,2,1725,0,12
2020-10-09,Sutter,7,1732,0,12
2020-10-10,Sutter,3,1735,0,12
2020-10-11,Sutter,7,1742,0,12
2020-10-12,Sutter,-1,1741,0,12
2020-10-13,Sutter,7,1748,0,12
2020-10-14,Sutter,-1,1747,0,12
2020-10-15,Sutter,5,1752,0,12
2020-10-16,Sutter,4,1756,0,12
2020-10-17,Sutter,6,1762,0,12
2020-10-18,Sutter,2,1764,0,12
2020-10-19,Sutter,9,1773,0,12
2020-10-20,Sutter,10,1783,0,12
2020-10-21,Sutter,3,1786,0,12
2020-10-22,Sutter,8,1794,0,12
2020-10-23,Sutter,3,1797,0,12
2020-10-24,Sutter,7,1804,0,12
2020-10-25,Sutter,7,1811,0,12
2020-10-26,Sutter,6,1817,0,12
2020-10-27,Sutter,15,1832,0,12
2020-10-28,Sutter,8,1840,0,12
2020-10-29,Sutter,12,1852,0,12
2020-10-30,Sutter,8,1860,0,12
2020-10-31,Sutter,16,1876,0,12
2020-11-01,Sutter,12,1888,0,12
2020-11-02,Sutter,7,1895,0,12
2020-11-03,Sutter,19,1914,0,12
2020-11-04,Sutter,2,1916,0,12
2020-11-05,Sutter,9,1925,0,12
2020-11-06,Sutter,12,1937,0,12
2020-11-07,Sutter,10,1947,0,12
2020-11-08,Sutter,33,1980,0,12
2020-11-09,Sutter,30,2010,0,12
2020-11-10,Sutter,25,2035,0,12
2020-11-11,Sutter,14,2049,0,12
2020-11-12,Sutter,26,2075,0,12
2020-11-13,Sutter,46,2121,0,12
2020-11-14,Sutter,61,2182,0,12
2020-11-15,Sutter,48,2230,0,12
2020-11-16,Sutter,92,2322,0,12
2020-11-17,Sutter,48,2370,1,13
2020-11-18,Sutter,72,2442,0,13
2020-11-19,Sutter,67,2509,0,13
2020-11-20,Sutter,71,2580,0,13
2020-11-21,Sutter,35,2615,0,13
2020-11-22,Sutter,62,2677,0,13
2020-11-23,Sutter,163,2840,1,14
2020-11-24,Sutter,134,2974,0,14
2020-11-25,Sutter,90,3064,1,15
2020-11-26,Sutter,37,3101,0,15
2020-11-27,Sutter,0,3101,0,15
2020-11-28,Sutter,143,3244,1,16
2020-11-29,Sutter,53,3297,0,16
2020-11-30,Sutter,133,3430,0,16
2020-12-01,Sutter,108,3538,3,19
2020-12-02,Sutter,66,3604,0,19
2020-12-03,Sutter,123,3727,0,19
2020-12-04,Sutter,64,3791,0,19
2020-12-05,Sutter,146,3937,1,20
2020-12-06,Sutter,72,4009,0,20
2020-12-07,Sutter,97,4106,2,22
2020-12-08,Sutter,236,4342,3,25
2020-12-09,Sutter,76,4418,1,26
2020-12-10,Sutter,110,4528,4,30
2020-12-11,Sutter,72,4600,1,31
2020-12-12,Sutter,117,4717,2,33
2020-12-13,Sutter,81,4798,0,33
2020-12-14,Sutter,203,5001,0,33
2020-12-15,Sutter,79,5080,4,37
2020-12-16,Sutter,143,5223,1,38
2020-12-17,Sutter,86,5309,4,42
2020-12-18,Sutter,90,5399,0,42
2020-12-19,Sutter,107,5506,1,43
2020-12-20,Sutter,95,5601,0,43
2020-12-21,Sutter,107,5708,1,44
2020-12-22,Sutter,83,5791,1,45
2020-03-18,Napa,0,0,0,0
2020-03-19,Napa,0,0,0,0
2020-03-20,Napa,0,0,0,0
2020-03-21,Napa,0,0,0,0
2020-03-22,Napa,1,1,0,0
2020-03-23,Napa,0,1,0,0
2020-03-24,Napa,1,2,0,0
2020-03-25,Napa,3,5,0,0
2020-03-26,Napa,0,5,0,0
2020-03-27,Napa,0,5,0,0
2020-03-28,Napa,0,5,0,0
2020-03-29,Napa,0,5,0,0
2020-03-30,Napa,4,9,0,0
2020-03-31,Napa,0,9,0,0
2020-04-01,Napa,2,11,0,0
2020-04-02,Napa,2,13,0,0
2020-04-03,Napa,0,13,1,1
2020-04-04,Napa,2,15,1,2
2020-04-05,Napa,0,15,0,2
2020-04-06,Napa,3,18,0,2
2020-04-07,Napa,0,18,0,2
2020-04-08,Napa,3,21,0,2
2020-04-09,Napa,6,27,0,2
2020-04-10,Napa,1,28,0,2
2020-04-11,Napa,1,29,0,2
2020-04-12,Napa,0,29,0,2
2020-04-13,Napa,1,30,0,2
2020-04-14,Napa,3,33,0,2
2020-04-15,Napa,1,34,0,2
2020-04-16,Napa,10,44,0,2
2020-04-17,Napa,2,46,0,2
2020-04-18,Napa,3,49,0,2
2020-04-19,Napa,0,49,0,2
2020-04-20,Napa,6,55,0,2
2020-04-21,Napa,3,58,0,2
2020-04-22,Napa,0,58,0,2
2020-04-23,Napa,1,59,0,2
2020-04-24,Napa,0,59,0,2
2020-04-25,Napa,1,60,0,2
2020-04-26,Napa,2,62,0,2
2020-04-27,Napa,2,64,0,2
2020-04-28,Napa,3,67,0,2
2020-04-29,Napa,1,68,0,2
2020-04-30,Napa,1,69,0,2
2020-05-01,Napa,0,69,0,2
2020-05-02,Napa,2,71,0,2
2020-05-03,Napa,1,72,0,2
2020-05-04,Napa,0,72,0,2
2020-05-05,Napa,2,74,0,2
2020-05-06,Napa,4,78,0,2
2020-05-07,Napa,0,78,0,2
2020-05-08,Napa,0,78,0,2
2020-05-09,Napa,0,78,0,2
2020-05-10,Napa,1,79,1,3
2020-05-11,Napa,0,79,0,3
2020-05-12,Napa,1,80,0,3
2020-05-13,Napa,1,81,0,3
2020-05-14,Napa,2,83,0,3
2020-05-15,Napa,0,83,0,3
2020-05-16,Napa,3,86,0,3
2020-05-17,Napa,3,89,0,3
2020-05-18,Napa,3,92,0,3
2020-05-19,Napa,1,93,0,3
2020-05-20,Napa,0,93,0,3
2020-05-21,Napa,3,96,0,3
2020-05-22,Napa,1,97,0,3
2020-05-23,Napa,4,101,0,3
2020-05-24,Napa,3,104,0,3
2020-05-25,Napa,3,107,0,3
2020-05-26,Napa,2,109,0,3
2020-05-27,Napa,3,112,0,3
2020-05-28,Napa,1,113,0,3
2020-05-29,Napa,0,113,0,3
2020-05-30,Napa,0,113,0,3
2020-05-31,Napa,1,114,0,3
2020-06-01,Napa,0,114,0,3
2020-06-02,Napa,2,116,0,3
2020-06-03,Napa,0,116,0,3
2020-06-04,Napa,1,117,0,3
2020-06-05,Napa,6,123,0,3
2020-06-06,Napa,13,136,0,3
2020-06-07,Napa,6,142,0,3
2020-06-08,Napa,9,151,0,3
2020-06-09,Napa,5,156,0,3
2020-06-10,Napa,3,159,0,3
2020-06-11,Napa,3,162,0,3
2020-06-12,Napa,0,162,0,3
2020-06-13,Napa,9,171,0,3
2020-06-14,Napa,10,181,0,3
2020-06-15,Napa,6,187,0,3
2020-06-16,Napa,9,196,0,3
2020-06-17,Napa,6,202,1,4
2020-06-18,Napa,3,205,0,4
2020-06-19,Napa,4,209,0,4
2020-06-20,Napa,3,212,0,4
2020-06-21,Napa,6,218,0,4
2020-06-22,Napa,4,222,0,4
2020-06-23,Napa,8,230,0,4
2020-06-24,Napa,28,258,0,4
2020-06-25,Napa,2,260,0,4
2020-06-26,Napa,18,278,0,4
2020-06-27,Napa,6,284,0,4
2020-06-28,Napa,32,316,0,4
2020-06-29,Napa,18,334,0,4
2020-06-30,Napa,11,345,0,4
2020-07-01,Napa,1,346,0,4
2020-07-02,Napa,6,352,0,4
2020-07-03,Napa,36,388,0,4
2020-07-04,Napa,38,426,0,4
2020-07-05,Napa,24,450,0,4
2020-07-06,Napa,4,454,0,4
2020-07-07,Napa,5,459,0,4
2020-07-08,Napa,9,468,0,4
2020-07-09,Napa,0,468,0,4
2020-07-10,Napa,28,496,0,4
2020-07-11,Napa,13,509,0,4
2020-07-12,Napa,10,519,0,4
2020-07-13,Napa,15,534,0,4
2020-07-14,Napa,23,557,0,4
2020-07-15,Napa,16,573,0,4
2020-07-16,Napa,8,581,0,4
2020-07-17,Napa,17,598,1,5
2020-07-18,Napa,11,609,0,5
2020-07-19,Napa,3,612,0,5
2020-07-20,Napa,20,632,2,7
2020-07-21,Napa,28,660,0,7
2020-07-22,Napa,27,687,0,7
2020-07-23,Napa,26,713,1,8
2020-07-24,Napa,28,741,0,8
2020-07-25,Napa,5,746,0,8
2020-07-26,Napa,23,769,0,8
2020-07-27,Napa,0,769,0,8
2020-07-28,Napa,55,824,0,8
2020-07-29,Napa,42,866,0,8
2020-07-30,Napa,8,874,0,8
2020-07-31,Napa,23,897,0,8
2020-08-01,Napa,26,923,0,8
2020-08-02,Napa,33,956,0,8
2020-08-03,Napa,17,973,1,9
2020-08-04,Napa,21,994,0,9
2020-08-05,Napa,26,1020,0,9
2020-08-06,Napa,12,1032,0,9
2020-08-07,Napa,23,1055,1,10
2020-08-08,Napa,7,1062,0,10
2020-08-09,Napa,0,1062,0,10
2020-08-10,Napa,22,1084,1,11
2020-08-11,Napa,59,1143,0,11
2020-08-12,Napa,18,1161,0,11
2020-08-13,Napa,18,1179,0,11
2020-08-14,Napa,51,1230,0,11
2020-08-15,Napa,2,1232,0,11
2020-08-16,Napa,9,1241,0,11
2020-08-17,Napa,14,1255,2,13
2020-08-18,Napa,19,1274,0,13
2020-08-19,Napa,19,1293,0,13
2020-08-20,Napa,13,1306,0,13
2020-08-21,Napa,11,1317,0,13
2020-08-22,Napa,11,1328,0,13
2020-08-23,Napa,20,1348,0,13
2020-08-24,Napa,10,1358,0,13
2020-08-25,Napa,16,1374,0,13
2020-08-26,Napa,8,1382,0,13
2020-08-27,Napa,15,1397,0,13
2020-08-28,Napa,6,1403,0,13
2020-08-29,Napa,10,1413,0,13
2020-08-30,Napa,10,1423,0,13
2020-08-31,Napa,11,1434,0,13
2020-09-01,Napa,12,1446,0,13
2020-09-02,Napa,8,1454,0,13
2020-09-03,Napa,12,1466,0,13
2020-09-04,Napa,9,1475,0,13
2020-09-05,Napa,9,1484,0,13
2020-09-06,Napa,17,1501,0,13
2020-09-07,Napa,13,1514,0,13
2020-09-08,Napa,4,1518,0,13
2020-09-09,Napa,13,1531,0,13
2020-09-10,Napa,5,1536,0,13
2020-09-11,Napa,7,1543,0,13
2020-09-12,Napa,13,1556,0,13
2020-09-13,Napa,7,1563,0,13
2020-09-14,Napa,13,1576,0,13
2020-09-15,Napa,4,1580,0,13
2020-09-16,Napa,7,1587,0,13
2020-09-17,Napa,5,1592,0,13
2020-09-18,Napa,12,1604,0,13
2020-09-19,Napa,10,1614,0,13
2020-09-20,Napa,12,1626,0,13
2020-09-21,Napa,15,1641,0,13
2020-09-22,Napa,11,1652,0,13
2020-09-23,Napa,1,1653,0,13
2020-09-24,Napa,8,1661,0,13
2020-09-25,Napa,8,1669,0,13
2020-09-26,Napa,12,1681,0,13
2020-09-27,Napa,9,1690,0,13
2020-09-28,Napa,15,1705,0,13
2020-09-29,Napa,22,1727,0,13
2020-09-30,Napa,1,1728,0,13
2020-10-01,Napa,1,1729,0,13
2020-10-02,Napa,8,1737,0,13
2020-10-03,Napa,15,1752,0,13
2020-10-04,Napa,7,1759,0,13
2020-10-05,Napa,1,1760,0,13
2020-10-06,Napa,10,1770,0,13
2020-10-07,Napa,4,1774,0,13
2020-10-08,Napa,5,1779,0,13
2020-10-09,Napa,16,1795,0,13
2020-10-10,Napa,9,1804,0,13
2020-10-11,Napa,7,1811,0,13
2020-10-12,Napa,8,1819,1,14
2020-10-13,Napa,6,1825,0,14
2020-10-14,Napa,12,1837,0,14
2020-10-15,Napa,5,1842,0,14
2020-10-16,Napa,13,1855,0,14
2020-10-17,Napa,11,1866,0,14
2020-10-18,Napa,16,1882,0,14
2020-10-19,Napa,10,1892,0,14
2020-10-20,Napa,20,1912,0,14
2020-10-21,Napa,6,1918,1,15
2020-10-22,Napa,10,1928,0,15
2020-10-23,Napa,14,1942,0,15
2020-10-24,Napa,15,1957,0,15
2020-10-25,Napa,5,1962,0,15
2020-10-26,Napa,4,1966,1,16
2020-10-27,Napa,13,1979,0,16
2020-10-28,Napa,19,1998,0,16
2020-10-29,Napa,11,2009,0,16
2020-10-30,Napa,19,2028,0,16
2020-10-31,Napa,12,2040,0,16
2020-11-01,Napa,27,2067,0,16
2020-11-02,Napa,14,2081,0,16
2020-11-03,Napa,49,2130,0,16
2020-11-04,Napa,3,2133,0,16
2020-11-05,Napa,25,2158,0,16
2020-11-06,Napa,31,2189,0,16
2020-11-07,Napa,53,2242,0,16
2020-11-08,Napa,32,2274,0,16
2020-11-09,Napa,35,2309,0,16
2020-11-10,Napa,32,2341,1,17
2020-11-11,Napa,24,2365,0,17
2020-11-12,Napa,33,2398,0,17
2020-11-13,Napa,42,2440,0,17
2020-11-14,Napa,33,2473,0,17
2020-11-15,Napa,36,2509,0,17
2020-11-16,Napa,27,2536,0,17
2020-11-17,Napa,32,2568,0,17
2020-11-18,Napa,39,2607,0,17
2020-11-19,Napa,34,2641,0,17
2020-11-20,Napa,77,2718,0,17
2020-11-21,Napa,39,2757,0,17
2020-11-22,Napa,21,2778,0,17
2020-11-23,Napa,33,2811,0,17
2020-11-24,Napa,93,2904,0,17
2020-11-25,Napa,41,2945,0,17
2020-11-26,Napa,43,2988,0,17
2020-11-27,Napa,0,2988,0,17
2020-11-28,Napa,45,3033,0,17
2020-11-29,Napa,57,3090,0,17
2020-11-30,Napa,1,3091,1,18
2020-12-01,Napa,33,3124,0,18
2020-12-02,Napa,174,3298,0,18
2020-12-03,Napa,62,3360,0,18
2020-12-04,Napa,72,3432,1,19
2020-12-05,Napa,133,3565,0,19
2020-12-06,Napa,79,3644,0,19
2020-12-07,Napa,40,3684,2,21
2020-12-08,Napa,94,3778,0,21
2020-12-09,Napa,80,3858,2,23
2020-12-10,Napa,116,3974,0,23
2020-12-11,Napa,80,4054,0,23
2020-12-12,Napa,59,4113,0,23
2020-12-13,Napa,81,4194,0,23
2020-12-14,Napa,95,4289,1,24
2020-12-15,Napa,151,4440,0,24
2020-12-16,Napa,104,4544,0,24
2020-12-17,Napa,68,4612,0,24
2020-12-18,Napa,76,4688,0,24
2020-12-19,Napa,84,4772,0,24
2020-12-20,Napa,93,4865,0,24
2020-12-21,Napa,87,4952,0,24
2020-12-22,Napa,107,5059,2,26
2020-03-18,Los Angeles,47,47,0,0
2020-03-19,Los Angeles,186,233,0,0
2020-03-20,Los Angeles,34,267,1,1
2020-03-21,Los Angeles,55,322,1,2
2020-03-22,Los Angeles,62,384,1,3
2020-03-23,Los Angeles,5,389,1,4
2020-03-24,Los Angeles,244,633,7,11
2020-03-25,Los Angeles,92,725,-1,10
2020-03-26,Los Angeles,350,1075,8,18
2020-03-27,Los Angeles,399,1474,8,26
2020-03-28,Los Angeles,326,1800,6,32
2020-03-29,Los Angeles,319,2119,5,37
2020-03-30,Los Angeles,348,2467,7,44
2020-03-31,Los Angeles,534,3001,9,53
2020-04-01,Los Angeles,501,3502,13,66
2020-04-02,Los Angeles,538,4040,13,79
2020-04-03,Los Angeles,526,4566,12,91
2020-04-04,Los Angeles,709,5275,26,117
2020-04-05,Los Angeles,617,5892,13,130
2020-04-06,Los Angeles,454,6346,15,145
2020-04-07,Los Angeles,539,6885,25,170
2020-04-08,Los Angeles,620,7505,26,196
2020-04-09,Los Angeles,414,7919,24,220
2020-04-10,Los Angeles,465,8384,21,241
2020-04-11,Los Angeles,439,8823,24,265
2020-04-12,Los Angeles,310,9133,31,296
2020-04-13,Los Angeles,234,9367,24,320
2020-04-14,Los Angeles,581,9948,40,360
2020-04-15,Los Angeles,468,10416,42,402
2020-04-16,Los Angeles,370,10786,53,455
2020-04-17,Los Angeles,568,11354,40,495
2020-04-18,Los Angeles,630,11984,81,576
2020-04-19,Los Angeles,315,12299,24,600
2020-04-20,Los Angeles,1488,13787,17,617
2020-04-21,Los Angeles,1309,15096,46,663
2020-04-22,Los Angeles,1304,16400,66,729
2020-04-23,Los Angeles,1148,17548,68,797
2020-04-24,Los Angeles,1005,18553,51,848
2020-04-25,Los Angeles,591,19144,47,895
2020-04-26,Los Angeles,426,19570,18,913
2020-04-27,Los Angeles,886,20456,29,942
2020-04-28,Los Angeles,573,21029,58,1000
2020-04-29,Los Angeles,1531,22560,56,1056
2020-04-30,Los Angeles,724,23284,55,1111
2020-05-01,Los Angeles,1022,24306,61,1172
2020-05-02,Los Angeles,649,24955,37,1209
2020-05-03,Los Angeles,753,25708,20,1229
2020-05-04,Los Angeles,535,26243,27,1256
2020-05-05,Los Angeles,1624,27867,57,1313
2020-05-06,Los Angeles,820,28687,54,1367
2020-05-07,Los Angeles,857,29544,51,1418
2020-05-08,Los Angeles,813,30357,50,1468
2020-05-09,Los Angeles,911,31268,44,1512
2020-05-10,Los Angeles,443,31711,18,1530
2020-05-11,Los Angeles,568,32279,39,1569
2020-05-12,Los Angeles,1002,33281,44,1613
2020-05-13,Los Angeles,1293,34574,46,1659
2020-05-14,Los Angeles,853,35427,50,1709
2020-05-15,Los Angeles,890,36317,46,1755
2020-05-16,Los Angeles,1035,37352,38,1793
2020-05-17,Los Angeles,644,37996,28,1821
2020-05-18,Los Angeles,481,38477,18,1839
2020-05-19,Los Angeles,1193,39670,74,1913
2020-05-20,Los Angeles,1262,40932,57,1970
2020-05-21,Los Angeles,1131,42063,46,2016
2020-05-22,Los Angeles,962,43025,33,2049
2020-05-23,Los Angeles,1004,44029,41,2090
2020-05-24,Los Angeles,925,44954,14,2104
2020-05-25,Los Angeles,998,45952,12,2116
2020-05-26,Los Angeles,1808,47760,27,2143
2020-05-27,Los Angeles,951,48711,52,2195
2020-05-28,Los Angeles,1150,49861,46,2241
2020-05-29,Los Angeles,1717,51578,49,2290
2020-05-30,Los Angeles,2049,53627,48,2338
2020-05-31,Los Angeles,1298,54925,24,2362
2020-06-01,Los Angeles,974,55899,22,2384
2020-06-02,Los Angeles,1245,57144,59,2443
2020-06-03,Los Angeles,1022,58166,46,2489
2020-06-04,Los Angeles,1430,59596,42,2531
2020-06-05,Los Angeles,1359,60955,34,2565
2020-06-06,Los Angeles,1314,62269,55,2620
2020-06-07,Los Angeles,1481,63750,25,2645
2020-06-08,Los Angeles,884,64634,10,2655
2020-06-09,Los Angeles,1193,65827,52,2707
2020-06-10,Los Angeles,1191,67018,61,2768
2020-06-11,Los Angeles,1789,68807,45,2813
2020-06-12,Los Angeles,1578,70385,21,2834
2020-06-13,Los Angeles,1553,71938,56,2890
2020-06-14,Los Angeles,994,72932,17,2907
2020-06-15,Los Angeles,773,73705,19,2926
2020-06-16,Los Angeles,1346,75051,33,2959
2020-06-17,Los Angeles,2115,77166,32,2991
2020-06-18,Los Angeles,1078,78244,36,3027
2020-06-19,Los Angeles,1328,79572,36,3063
2020-06-20,Los Angeles,2032,81604,47,3110
2020-06-21,Los Angeles,1779,83383,10,3120
2020-06-22,Los Angeles,2542,85925,18,3138
2020-06-23,Los Angeles,2508,88433,33,3171
2020-06-24,Los Angeles,1133,89566,34,3205
2020-06-25,Los Angeles,1958,91524,41,3246
2020-06-26,Los Angeles,1804,93328,21,3267
2020-06-27,Los Angeles,2013,95341,18,3285
2020-06-28,Los Angeles,2662,98003,20,3305
2020-06-29,Los Angeles,2843,100846,21,3326
2020-06-30,Los Angeles,2794,103640,43,3369
2020-07-01,Los Angeles,1651,105291,33,3402
2020-07-02,Los Angeles,1853,107144,52,3454
2020-07-03,Los Angeles,2735,109879,0,3454
2020-07-04,Los Angeles,3207,113086,0,3454
2020-07-05,Los Angeles,2047,115133,0,3454
2020-07-06,Los Angeles,1574,116707,80,3534
2020-07-07,Los Angeles,4319,121026,45,3579
2020-07-08,Los Angeles,2436,123462,63,3642
2020-07-09,Los Angeles,1600,125062,47,3689
2020-07-10,Los Angeles,2441,127503,49,3738
2020-07-11,Los Angeles,2976,130479,55,3793
2020-07-12,Los Angeles,3351,133830,16,3809
2020-07-13,Los Angeles,2538,136368,13,3822
2020-07-14,Los Angeles,4264,140632,72,3894
2020-07-15,Los Angeles,2711,143343,38,3932
2020-07-16,Los Angeles,4416,147759,56,3988
2020-07-17,Los Angeles,2722,150481,59,4047
2020-07-18,Los Angeles,2784,153265,37,4084
2020-07-19,Los Angeles,2774,156039,11,4095
2020-07-20,Los Angeles,3163,159202,9,4104
2020-07-21,Los Angeles,3003,162205,50,4154
2020-07-22,Los Angeles,3037,165242,59,4213
2020-07-23,Los Angeles,1956,167198,49,4262
2020-07-24,Los Angeles,1880,169078,38,4300
2020-07-25,Los Angeles,3533,172611,51,4351
2020-07-26,Los Angeles,1711,174322,9,4360
2020-07-27,Los Angeles,2029,176351,15,4375
2020-07-28,Los Angeles,2756,179107,51,4426
2020-07-29,Los Angeles,4493,183600,90,4516
2020-07-30,Los Angeles,2577,186177,36,4552
2020-07-31,Los Angeles,2511,188688,69,4621
2020-08-01,Los Angeles,2335,191023,48,4669
2020-08-02,Los Angeles,1457,192480,23,4692
2020-08-03,Los Angeles,1623,194103,9,4701
2020-08-04,Los Angeles,1911,196014,57,4758
2020-08-05,Los Angeles,2341,198355,67,4825
2020-08-06,Los Angeles,3017,201372,44,4869
2020-08-07,Los Angeles,3034,204406,49,4918
2020-08-08,Los Angeles,2565,206971,49,4967
2020-08-09,Los Angeles,1839,208810,10,4977
2020-08-10,Los Angeles,2225,211035,19,4996
2020-08-11,Los Angeles,1386,212421,61,5057
2020-08-12,Los Angeles,2121,214542,52,5109
2020-08-13,Los Angeles,1955,216497,62,5171
2020-08-14,Los Angeles,2586,219083,43,5214
2020-08-15,Los Angeles,1960,221043,31,5245
2020-08-16,Los Angeles,1193,222236,9,5254
2020-08-17,Los Angeles,1182,223418,19,5273
2020-08-18,Los Angeles,800,224218,62,5335
2020-08-19,Los Angeles,1788,226006,57,5392
2020-08-20,Los Angeles,1486,227492,54,5446
2020-08-21,Los Angeles,1743,229235,45,5491
2020-08-22,Los Angeles,1623,230858,46,5537
2020-08-23,Los Angeles,975,231833,8,5545
2020-08-24,Los Angeles,1203,233036,13,5558
2020-08-25,Los Angeles,925,233961,47,5605
2020-08-26,Los Angeles,1538,235499,58,5663
2020-08-27,Los Angeles,1604,237103,38,5701
2020-08-28,Los Angeles,1441,238544,31,5732
2020-08-29,Los Angeles,1271,239815,27,5759
2020-08-30,Los Angeles,960,240775,10,5769
2020-08-31,Los Angeles,1018,241793,15,5784
2020-09-01,Los Angeles,840,242633,45,5829
2020-09-02,Los Angeles,1366,243999,49,5878
2020-09-03,Los Angeles,1027,245026,54,5932
2020-09-04,Los Angeles,1370,246396,45,5977
2020-09-05,Los Angeles,1176,247572,23,6000
2020-09-06,Los Angeles,744,248316,5,6005
2020-09-07,Los Angeles,488,248804,25,6030
2020-09-08,Los Angeles,413,249217,6,6036
2020-09-09,Los Angeles,659,249876,54,6090
2020-09-10,Los Angeles,1127,251003,38,6128
2020-09-11,Los Angeles,1054,252057,43,6171
2020-09-12,Los Angeles,1099,253156,26,6197
2020-09-13,Los Angeles,794,253950,11,6208
2020-09-14,Los Angeles,672,254622,23,6231
2020-09-15,Los Angeles,426,255048,42,6273
2020-09-16,Los Angeles,1053,256101,30,6303
2020-09-17,Los Angeles,1145,257246,21,6324
2020-09-18,Los Angeles,1242,258488,6,6330
2020-09-19,Los Angeles,1313,259801,0,6330
2020-09-20,Los Angeles,969,260770,23,6353
2020-09-21,Los Angeles,648,261418,13,6366
2020-09-22,Los Angeles,699,262117,35,6401
2020-09-23,Los Angeles,1201,263318,22,6423
2020-09-24,Los Angeles,1056,264374,32,6455
2020-09-25,Los Angeles,1339,265713,33,6488
2020-09-26,Los Angeles,1218,266931,16,6504
2020-09-27,Los Angeles,823,267754,10,6514
2020-09-28,Los Angeles,650,268404,1,6515
2020-09-29,Los Angeles,842,269246,36,6551
2020-09-30,Los Angeles,1014,270260,25,6576
2020-10-01,Los Angeles,1253,271513,34,6610
2020-10-02,Los Angeles,-578,270935,16,6626
2020-10-03,Los Angeles,934,271869,16,6642
2020-10-04,Los Angeles,953,272822,5,6647
2020-10-05,Los Angeles,378,273200,7,6654
2020-10-06,Los Angeles,915,274115,27,6681
2020-10-07,Los Angeles,1444,275559,28,6709
2020-10-08,Los Angeles,1204,276763,17,6726
2020-10-09,Los Angeles,1276,278039,15,6741
2020-10-10,Los Angeles,1174,279213,27,6768
2020-10-11,Los Angeles,977,280190,3,6771
2020-10-12,Los Angeles,771,280961,2,6773
2020-10-13,Los Angeles,755,281716,0,6773
2020-10-14,Los Angeles,1202,282918,39,6812
2020-10-15,Los Angeles,1101,284019,22,6834
2020-10-16,Los Angeles,969,284988,21,6855
2020-10-17,Los Angeles,870,285858,8,6863
2020-10-18,Los Angeles,329,286187,13,6876
2020-10-19,Los Angeles,932,287119,1,6877
2020-10-20,Los Angeles,608,287727,0,6877
2020-10-21,Los Angeles,369,288096,67,6944
2020-10-22,Los Angeles,3503,291599,12,6956
2020-10-23,Los Angeles,2688,294287,18,6974
2020-10-24,Los Angeles,2036,296323,15,6989
2020-10-25,Los Angeles,787,297110,4,6993
2020-10-26,Los Angeles,851,297961,7,7000
2020-10-27,Los Angeles,1477,299438,27,7027
2020-10-28,Los Angeles,1288,300726,13,7040
2020-10-29,Los Angeles,1520,302246,4,7044
2020-10-30,Los Angeles,1179,303425,12,7056
2020-10-31,Los Angeles,1279,304704,15,7071
2020-11-01,Los Angeles,1513,306217,3,7074
2020-11-02,Los Angeles,1403,307620,2,7076
2020-11-03,Los Angeles,1192,308812,21,7097
2020-11-04,Los Angeles,1644,310456,20,7117
2020-11-05,Los Angeles,1925,312381,23,7140
2020-11-06,Los Angeles,1975,314356,17,7157
2020-11-07,Los Angeles,2309,316665,13,7170
2020-11-08,Los Angeles,2295,318960,2,7172
2020-11-09,Los Angeles,1410,320370,5,7177
2020-11-10,Los Angeles,2199,322569,23,7200
2020-11-11,Los Angeles,1998,324567,16,7216
2020-11-12,Los Angeles,2434,327001,5,7221
2020-11-13,Los Angeles,2363,329364,25,7246
2020-11-14,Los Angeles,3657,333021,20,7266
2020-11-15,Los Angeles,3014,336035,3,7269
2020-11-16,Los Angeles,2743,338778,6,7275
2020-11-17,Los Angeles,2155,340933,24,7299
2020-11-18,Los Angeles,3742,344675,36,7335
2020-11-19,Los Angeles,4818,349493,28,7363
2020-11-20,Los Angeles,4061,353554,33,7396
2020-11-21,Los Angeles,4200,357754,0,7396
2020-11-22,Los Angeles,2587,360341,42,7438
2020-11-23,Los Angeles,6033,366374,8,7446
2020-11-24,Los Angeles,3634,370008,51,7497
2020-11-25,Los Angeles,3911,373919,46,7543
2020-11-26,Los Angeles,4421,378340,37,7580
2020-11-27,Los Angeles,4400,382740,24,7604
2020-11-28,Los Angeles,3454,386194,19,7623
2020-11-29,Los Angeles,4968,391162,16,7639
2020-11-30,Los Angeles,5040,396202,16,7655
2020-12-01,Los Angeles,7062,403264,45,7700
2020-12-02,Los Angeles,5025,408289,40,7740
2020-12-03,Los Angeles,7516,415805,42,7782
2020-12-04,Los Angeles,8359,424164,60,7842
2020-12-05,Los Angeles,8956,433120,44,7886
2020-12-06,Los Angeles,10110,443230,23,7909
2020-12-07,Los Angeles,7822,451052,27,7936
2020-12-08,Los Angeles,8686,459738,64,8000
2020-12-09,Los Angeles,8233,467971,75,8075
2020-12-10,Los Angeles,12383,480354,74,8149
2020-12-11,Los Angeles,13238,493592,50,8199
2020-12-12,Los Angeles,10725,504317,70,8269
2020-12-13,Los Angeles,13155,517472,29,8298
2020-12-14,Los Angeles,7196,524668,47,8345
2020-12-15,Los Angeles,11590,536258,86,8431
2020-12-16,Los Angeles,21649,557907,137,8568
2020-12-17,Los Angeles,13186,571093,96,8664
2020-12-18,Los Angeles,15320,586413,93,8757
2020-12-19,Los Angeles,13475,599888,60,8817
2020-12-20,Los Angeles,13087,612975,58,8875
2020-12-21,Los Angeles,11154,624129,56,8931
2020-12-22,Los Angeles,11802,635931,85,9016
2020-03-18,Sacramento,46,46,3,3
2020-03-19,Sacramento,6,52,0,3
2020-03-20,Sacramento,4,56,1,4
2020-03-21,Sacramento,10,66,-1,3
2020-03-22,Sacramento,16,82,1,4
2020-03-23,Sacramento,5,87,0,4
2020-03-24,Sacramento,5,92,0,4
2020-03-25,Sacramento,21,113,1,5
2020-03-26,Sacramento,33,146,0,5
2020-03-27,Sacramento,17,163,1,6
2020-03-28,Sacramento,40,203,1,7
2020-03-29,Sacramento,14,217,0,7
2020-03-30,Sacramento,21,238,1,8
2020-03-31,Sacramento,33,271,0,8
2020-04-01,Sacramento,28,299,0,8
2020-04-02,Sacramento,23,322,1,9
2020-04-03,Sacramento,41,363,2,11
2020-04-04,Sacramento,30,393,0,11
2020-04-05,Sacramento,0,393,0,11
2020-04-06,Sacramento,55,448,4,15
2020-04-07,Sacramento,65,513,3,18
2020-04-08,Sacramento,52,565,3,21
2020-04-09,Sacramento,36,601,0,21
2020-04-10,Sacramento,41,642,3,24
2020-04-11,Sacramento,43,685,1,25
2020-04-12,Sacramento,4,689,0,25
2020-04-13,Sacramento,35,724,2,27
2020-04-14,Sacramento,13,737,1,28
2020-04-15,Sacramento,102,839,0,28
2020-04-16,Sacramento,26,865,4,32
2020-04-17,Sacramento,17,882,0,32
2020-04-18,Sacramento,19,901,1,33
2020-04-19,Sacramento,11,912,1,34
2020-04-20,Sacramento,12,924,0,34
2020-04-21,Sacramento,17,941,1,35
2020-04-22,Sacramento,18,959,1,36
2020-04-23,Sacramento,19,978,5,41
2020-04-24,Sacramento,31,1009,0,41
2020-04-25,Sacramento,6,1015,0,41
2020-04-26,Sacramento,12,1027,0,41
2020-04-27,Sacramento,8,1035,0,41
2020-04-28,Sacramento,9,1044,0,41
2020-04-29,Sacramento,11,1055,1,42
2020-04-30,Sacramento,16,1071,1,43
2020-05-01,Sacramento,10,1081,0,43
2020-05-02,Sacramento,16,1097,0,43
2020-05-03,Sacramento,12,1109,0,43
2020-05-04,Sacramento,10,1119,4,47
2020-05-05,Sacramento,6,1125,0,47
2020-05-06,Sacramento,10,1135,1,48
2020-05-07,Sacramento,4,1139,1,49
2020-05-08,Sacramento,6,1145,2,51
2020-05-09,Sacramento,5,1150,1,52
2020-05-10,Sacramento,2,1152,0,52
2020-05-11,Sacramento,8,1160,0,52
2020-05-12,Sacramento,6,1166,0,52
2020-05-13,Sacramento,7,1173,0,52
2020-05-14,Sacramento,8,1181,2,54
2020-05-15,Sacramento,22,1203,1,55
2020-05-16,Sacramento,6,1209,0,55
2020-05-17,Sacramento,15,1224,0,55
2020-05-18,Sacramento,9,1233,1,56
2020-05-19,Sacramento,6,1239,1,57
2020-05-20,Sacramento,5,1244,0,57
2020-05-21,Sacramento,14,1258,0,57
2020-05-22,Sacramento,4,1262,0,57
2020-05-23,Sacramento,13,1275,0,57
2020-05-24,Sacramento,8,1283,0,57
2020-05-25,Sacramento,7,1290,0,57
2020-05-26,Sacramento,8,1298,0,57
2020-05-27,Sacramento,20,1318,0,57
2020-05-28,Sacramento,21,1339,0,57
2020-05-29,Sacramento,21,1360,0,57
2020-05-30,Sacramento,24,1384,0,57
2020-05-31,Sacramento,14,1398,0,57
2020-06-01,Sacramento,17,1415,1,58
2020-06-02,Sacramento,13,1428,0,58
2020-06-03,Sacramento,29,1457,0,58
2020-06-04,Sacramento,35,1492,0,58
2020-06-05,Sacramento,22,1514,1,59
2020-06-06,Sacramento,19,1533,0,59
2020-06-07,Sacramento,35,1568,0,59
2020-06-08,Sacramento,23,1591,2,61
2020-06-09,Sacramento,34,1625,0,61
2020-06-10,Sacramento,18,1643,1,62
2020-06-11,Sacramento,26,1669,1,63
2020-06-12,Sacramento,33,1702,0,63
2020-06-13,Sacramento,11,1713,0,63
2020-06-14,Sacramento,37,1750,0,63
2020-06-15,Sacramento,41,1791,0,63
2020-06-16,Sacramento,34,1825,0,63
2020-06-17,Sacramento,64,1889,4,67
2020-06-18,Sacramento,49,1938,0,67
2020-06-19,Sacramento,38,1976,0,67
2020-06-20,Sacramento,93,2069,0,67
2020-06-21,Sacramento,87,2156,0,67
2020-06-22,Sacramento,87,2243,-1,66
2020-06-23,Sacramento,131,2374,0,66
2020-06-24,Sacramento,72,2446,0,66
2020-06-25,Sacramento,86,2532,0,66
2020-06-26,Sacramento,177,2709,0,66
2020-06-27,Sacramento,53,2762,0,66
2020-06-28,Sacramento,143,2905,0,66
2020-06-29,Sacramento,297,3202,2,68
2020-06-30,Sacramento,160,3362,0,68
2020-07-01,Sacramento,62,3424,0,68
2020-07-02,Sacramento,163,3587,1,69
2020-07-03,Sacramento,124,3711,0,69
2020-07-04,Sacramento,328,4039,0,69
2020-07-05,Sacramento,226,4265,0,69
2020-07-06,Sacramento,155,4420,5,74
2020-07-07,Sacramento,172,4592,2,76
2020-07-08,Sacramento,207,4799,2,78
2020-07-09,Sacramento,151,4950,0,78
2020-07-10,Sacramento,231,5181,1,79
2020-07-11,Sacramento,186,5367,0,79
2020-07-12,Sacramento,148,5515,0,79
2020-07-13,Sacramento,232,5747,4,83
2020-07-14,Sacramento,231,5978,8,91
2020-07-15,Sacramento,239,6217,1,92
2020-07-16,Sacramento,223,6440,2,94
2020-07-17,Sacramento,123,6563,1,95
2020-07-18,Sacramento,176,6739,0,95
2020-07-19,Sacramento,246,6985,0,95
2020-07-20,Sacramento,384,7369,1,96
2020-07-21,Sacramento,420,7789,0,96
2020-07-22,Sacramento,239,8028,0,96
2020-07-23,Sacramento,194,8222,2,98
2020-07-24,Sacramento,348,8570,5,103
2020-07-25,Sacramento,104,8674,0,103
2020-07-26,Sacramento,298,8972,0,103
2020-07-27,Sacramento,119,9091,11,114
2020-07-28,Sacramento,338,9429,7,121
2020-07-29,Sacramento,109,9538,5,126
2020-07-30,Sacramento,166,9704,1,127
2020-07-31,Sacramento,168,9872,6,133
2020-08-01,Sacramento,172,10044,0,133
2020-08-02,Sacramento,55,10099,0,133
2020-08-03,Sacramento,44,10143,12,145
2020-08-04,Sacramento,62,10205,3,148
2020-08-05,Sacramento,56,10261,5,153
2020-08-06,Sacramento,287,10548,2,155
2020-08-07,Sacramento,250,10798,0,155
2020-08-08,Sacramento,346,11144,0,155
2020-08-09,Sacramento,157,11301,0,155
2020-08-10,Sacramento,758,12059,22,177
2020-08-11,Sacramento,239,12298,2,179
2020-08-12,Sacramento,230,12528,7,186
2020-08-13,Sacramento,709,13237,8,194
2020-08-14,Sacramento,408,13645,5,199
2020-08-15,Sacramento,373,14018,0,199
2020-08-16,Sacramento,192,14210,0,199
2020-08-17,Sacramento,123,14333,19,218
2020-08-18,Sacramento,277,14610,1,219
2020-08-19,Sacramento,154,14764,11,230
2020-08-20,Sacramento,228,14992,0,230
2020-08-21,Sacramento,255,15247,4,234
2020-08-22,Sacramento,269,15516,0,234
2020-08-23,Sacramento,568,16084,0,234
2020-08-24,Sacramento,234,16318,12,246
2020-08-25,Sacramento,283,16601,6,252
2020-08-26,Sacramento,107,16708,7,259
2020-08-27,Sacramento,167,16875,6,265
2020-08-28,Sacramento,244,17119,9,274
2020-08-29,Sacramento,469,17588,0,274
2020-08-30,Sacramento,163,17751,0,274
2020-08-31,Sacramento,248,17999,19,293
2020-09-01,Sacramento,218,18217,0,293
2020-09-02,Sacramento,138,18355,11,304
2020-09-03,Sacramento,198,18553,13,317
2020-09-04,Sacramento,212,18765,10,327
2020-09-05,Sacramento,190,18955,0,327
2020-09-06,Sacramento,173,19128,0,327
2020-09-07,Sacramento,164,19292,0,327
2020-09-08,Sacramento,119,19411,7,334
2020-09-09,Sacramento,63,19474,5,339
2020-09-10,Sacramento,144,19618,7,346
2020-09-11,Sacramento,394,20012,0,346
2020-09-12,Sacramento,172,20184,0,346
2020-09-13,Sacramento,95,20279,4,350
2020-09-14,Sacramento,98,20377,6,356
2020-09-15,Sacramento,110,20487,2,358
2020-09-16,Sacramento,123,20610,6,364
2020-09-17,Sacramento,285,20895,7,371
2020-09-18,Sacramento,210,21105,4,375
2020-09-19,Sacramento,192,21297,0,375
2020-09-20,Sacramento,97,21394,0,375
2020-09-21,Sacramento,174,21568,8,383
2020-09-22,Sacramento,177,21745,10,393
2020-09-23,Sacramento,76,21821,6,399
2020-09-24,Sacramento,164,21985,0,399
2020-09-25,Sacramento,147,22132,7,406
2020-09-26,Sacramento,137,22269,0,406
2020-09-27,Sacramento,87,22356,0,406
2020-09-28,Sacramento,36,22392,6,412
2020-09-29,Sacramento,155,22547,4,416
2020-09-30,Sacramento,66,22613,0,416
2020-10-01,Sacramento,101,22714,10,426
2020-10-02,Sacramento,104,22818,4,430
2020-10-03,Sacramento,258,23076,0,430
2020-10-04,Sacramento,86,23162,0,430
2020-10-05,Sacramento,45,23207,2,432
2020-10-06,Sacramento,115,23322,5,437
2020-10-07,Sacramento,58,23380,8,445
2020-10-08,Sacramento,102,23482,2,447
2020-10-09,Sacramento,124,23606,3,450
2020-10-10,Sacramento,83,23689,0,450
2020-10-11,Sacramento,89,23778,0,450
2020-10-12,Sacramento,29,23807,0,450
2020-10-13,Sacramento,123,23930,8,458
2020-10-14,Sacramento,83,24013,4,462
2020-10-15,Sacramento,55,24068,2,464
2020-10-16,Sacramento,76,24144,4,468
2020-10-17,Sacramento,160,24304,0,468
2020-10-18,Sacramento,121,24425,0,468
2020-10-19,Sacramento,117,24542,3,471
2020-10-20,Sacramento,225,24767,3,474
2020-10-21,Sacramento,141,24908,6,480
2020-10-22,Sacramento,146,25054,2,482
2020-10-23,Sacramento,170,25224,2,484
2020-10-24,Sacramento,148,25372,0,484
2020-10-25,Sacramento,73,25445,0,484
2020-10-26,Sacramento,110,25555,7,491
2020-10-27,Sacramento,146,25701,5,496
2020-10-28,Sacramento,137,25838,3,499
2020-10-29,Sacramento,140,25978,1,500
2020-10-30,Sacramento,169,26147,0,500
2020-10-31,Sacramento,169,26316,0,500
2020-11-01,Sacramento,126,26442,0,500
2020-11-02,Sacramento,234,26676,0,500
2020-11-03,Sacramento,165,26841,4,504
2020-11-04,Sacramento,164,27005,2,506
2020-11-05,Sacramento,227,27232,0,506
2020-11-06,Sacramento,257,27489,2,508
2020-11-07,Sacramento,284,27773,0,508
2020-11-08,Sacramento,286,28059,0,508
2020-11-09,Sacramento,141,28200,5,513
2020-11-10,Sacramento,477,28677,1,514
2020-11-11,Sacramento,291,28968,0,514
2020-11-12,Sacramento,491,29459,3,517
2020-11-13,Sacramento,328,29787,0,517
2020-11-14,Sacramento,511,30298,3,520
2020-11-15,Sacramento,303,30601,0,520
2020-11-16,Sacramento,353,30954,7,527
2020-11-17,Sacramento,387,31341,6,533
2020-11-18,Sacramento,475,31816,3,536
2020-11-19,Sacramento,551,32367,8,544
2020-11-20,Sacramento,465,32832,2,546
2020-11-21,Sacramento,301,33133,0,546
2020-11-22,Sacramento,288,33421,0,546
2020-11-23,Sacramento,720,34141,4,550
2020-11-24,Sacramento,956,35097,7,557
2020-11-25,Sacramento,590,35687,9,566
2020-11-26,Sacramento,167,35854,0,566
2020-11-27,Sacramento,725,36579,0,566
2020-11-28,Sacramento,326,36905,0,566
2020-11-29,Sacramento,510,37415,0,566
2020-11-30,Sacramento,419,37834,15,581
2020-12-01,Sacramento,1132,38966,5,586
2020-12-02,Sacramento,368,39334,5,591
2020-12-03,Sacramento,946,40280,12,603
2020-12-04,Sacramento,781,41061,11,614
2020-12-05,Sacramento,817,41878,0,614
2020-12-06,Sacramento,930,42808,0,614
2020-12-07,Sacramento,611,43419,6,620
2020-12-08,Sacramento,1216,44635,15,635
2020-12-09,Sacramento,649,45284,11,646
2020-12-10,Sacramento,1187,46471,13,659
2020-12-11,Sacramento,997,47468,11,670
2020-12-12,Sacramento,851,48319,0,670
2020-12-13,Sacramento,1161,49480,0,670
2020-12-14,Sacramento,824,50304,19,689
2020-12-15,Sacramento,772,51076,10,699
2020-12-16,Sacramento,1090,52166,12,711
2020-12-17,Sacramento,1023,53189,16,727
2020-12-18,Sacramento,791,53980,14,741
2020-12-19,Sacramento,1189,55169,0,741
2020-12-20,Sacramento,848,56017,0,741
2020-12-21,Sacramento,1047,57064,33,774
2020-12-22,Sacramento,902,57966,12,786
2020-03-18,Merced,0,0,0,0
2020-03-19,Merced,0,0,0,0
2020-03-20,Merced,0,0,0,0
2020-03-21,Merced,0,0,0,0
2020-03-22,Merced,0,0,0,0
2020-03-23,Merced,0,0,0,0
2020-03-24,Merced,0,0,0,0
2020-03-25,Merced,0,0,0,0
2020-03-26,Merced,1,1,0,0
2020-03-27,Merced,2,3,0,0
2020-03-28,Merced,1,4,0,0
2020-03-29,Merced,0,4,0,0
2020-03-30,Merced,2,6,0,0
2020-03-31,Merced,0,6,0,0
2020-04-01,Merced,1,7,0,0
2020-04-02,Merced,2,9,0,0
2020-04-03,Merced,0,9,0,0
2020-04-04,Merced,2,11,0,0
2020-04-05,Merced,5,16,0,0
2020-04-06,Merced,9,25,1,1
2020-04-07,Merced,2,27,0,1
2020-04-08,Merced,8,35,0,1
2020-04-09,Merced,6,41,2,3
2020-04-10,Merced,15,56,0,3
2020-04-11,Merced,3,59,0,3
2020-04-12,Merced,-1,58,0,3
2020-04-13,Merced,2,60,0,3
2020-04-14,Merced,1,61,0,3
2020-04-15,Merced,13,74,0,3
2020-04-16,Merced,2,76,0,3
2020-04-17,Merced,4,80,0,3
2020-04-18,Merced,2,82,0,3
2020-04-19,Merced,3,85,0,3
2020-04-20,Merced,3,88,0,3
2020-04-21,Merced,1,89,0,3
2020-04-22,Merced,3,92,0,3
2020-04-23,Merced,6,98,0,3
2020-04-24,Merced,4,102,0,3
2020-04-25,Merced,1,103,0,3
2020-04-26,Merced,1,104,0,3
2020-04-27,Merced,4,108,0,3
2020-04-28,Merced,0,108,0,3
2020-04-29,Merced,8,116,0,3
2020-04-30,Merced,6,122,0,3
2020-05-01,Merced,9,131,0,3
2020-05-02,Merced,0,131,0,3
2020-05-03,Merced,3,134,0,3
2020-05-04,Merced,4,138,0,3
2020-05-05,Merced,3,141,0,3
2020-05-06,Merced,-1,140,0,3
2020-05-07,Merced,6,146,0,3
2020-05-08,Merced,5,151,0,3
2020-05-09,Merced,2,153,0,3
2020-05-10,Merced,1,154,0,3
2020-05-11,Merced,4,158,0,3
2020-05-12,Merced,17,175,1,4
2020-05-13,Merced,1,176,0,4
2020-05-14,Merced,6,182,0,4
2020-05-15,Merced,9,191,2,6
2020-05-16,Merced,10,201,0,6
2020-05-17,Merced,13,214,0,6
2020-05-18,Merced,3,217,0,6
2020-05-19,Merced,5,222,0,6
2020-05-20,Merced,3,225,0,6
2020-05-21,Merced,1,226,0,6
2020-05-22,Merced,7,233,0,6
2020-05-23,Merced,14,247,0,6
2020-05-24,Merced,11,258,0,6
2020-05-25,Merced,4,262,0,6
2020-05-26,Merced,4,266,1,7
2020-05-27,Merced,12,278,0,7
2020-05-28,Merced,5,283,0,7
2020-05-29,Merced,2,285,0,7
2020-05-30,Merced,0,285,0,7
2020-05-31,Merced,3,288,0,7
2020-06-01,Merced,1,289,0,7
2020-06-02,Merced,8,297,0,7
2020-06-03,Merced,2,299,0,7
2020-06-04,Merced,5,304,0,7
2020-06-05,Merced,5,309,0,7
2020-06-06,Merced,6,315,0,7
2020-06-07,Merced,3,318,0,7
2020-06-08,Merced,13,331,0,7
2020-06-09,Merced,18,349,0,7
2020-06-10,Merced,21,370,0,7
2020-06-11,Merced,0,370,0,7
2020-06-12,Merced,2,372,0,7
2020-06-13,Merced,4,376,0,7
2020-06-14,Merced,27,403,0,7
2020-06-15,Merced,11,414,0,7
2020-06-16,Merced,22,436,0,7
2020-06-17,Merced,24,460,1,8
2020-06-18,Merced,26,486,0,8
2020-06-19,Merced,43,529,0,8
2020-06-20,Merced,37,566,0,8
2020-06-21,Merced,11,577,0,8
2020-06-22,Merced,42,619,1,9
2020-06-23,Merced,37,656,0,9
2020-06-24,Merced,40,696,1,10
2020-06-25,Merced,58,754,1,11
2020-06-26,Merced,54,808,0,11
2020-06-27,Merced,16,824,0,11
2020-06-28,Merced,38,862,0,11
2020-06-29,Merced,87,949,0,11
2020-06-30,Merced,74,1023,0,11
2020-07-01,Merced,34,1057,0,11
2020-07-02,Merced,65,1122,0,11
2020-07-03,Merced,66,1188,0,11
2020-07-04,Merced,64,1252,0,11
2020-07-05,Merced,88,1340,0,11
2020-07-06,Merced,56,1396,0,11
2020-07-07,Merced,135,1531,0,11
2020-07-08,Merced,47,1578,1,12
2020-07-09,Merced,150,1728,0,12
2020-07-10,Merced,74,1802,0,12
2020-07-11,Merced,49,1851,0,12
2020-07-12,Merced,57,1908,0,12
2020-07-13,Merced,99,2007,0,12
2020-07-14,Merced,77,2084,1,13
2020-07-15,Merced,72,2156,2,15
2020-07-16,Merced,72,2228,0,15
2020-07-17,Merced,100,2328,0,15
2020-07-18,Merced,96,2424,0,15
2020-07-19,Merced,36,2460,0,15
2020-07-20,Merced,124,2584,7,22
2020-07-21,Merced,141,2725,0,22
2020-07-22,Merced,103,2828,4,26
2020-07-23,Merced,144,2972,1,27
2020-07-24,Merced,128,3100,0,27
2020-07-25,Merced,76,3176,0,27
2020-07-26,Merced,75,3251,0,27
2020-07-27,Merced,41,3292,0,27
2020-07-28,Merced,154,3446,2,29
2020-07-29,Merced,159,3605,6,35
2020-07-30,Merced,90,3695,4,39
2020-07-31,Merced,94,3789,11,50
2020-08-01,Merced,183,3972,0,50
2020-08-02,Merced,39,4011,0,50
2020-08-03,Merced,17,4028,0,50
2020-08-04,Merced,57,4085,1,51
2020-08-05,Merced,34,4119,9,60
2020-08-06,Merced,116,4235,2,62
2020-08-07,Merced,123,4358,2,64
2020-08-08,Merced,212,4570,0,64
2020-08-09,Merced,165,4735,0,64
2020-08-10,Merced,178,4913,6,70
2020-08-11,Merced,409,5322,4,74
2020-08-12,Merced,455,5777,0,74
2020-08-13,Merced,168,5945,15,89
2020-08-14,Merced,521,6466,0,89
2020-08-15,Merced,190,6656,0,89
2020-08-16,Merced,88,6744,0,89
2020-08-17,Merced,70,6814,4,93
2020-08-18,Merced,126,6940,2,95
2020-08-19,Merced,142,7082,2,97
2020-08-20,Merced,91,7173,2,99
2020-08-21,Merced,184,7357,0,99
2020-08-22,Merced,136,7493,0,99
2020-08-23,Merced,81,7574,0,99
2020-08-24,Merced,31,7605,7,106
2020-08-25,Merced,88,7693,4,110
2020-08-26,Merced,27,7720,2,112
2020-08-27,Merced,45,7765,2,114
2020-08-28,Merced,38,7803,1,115
2020-08-29,Merced,64,7867,0,115
2020-08-30,Merced,93,7960,0,115
2020-08-31,Merced,31,7991,2,117
2020-09-01,Merced,55,8046,1,118
2020-09-02,Merced,51,8097,1,119
2020-09-03,Merced,39,8136,1,120
2020-09-04,Merced,78,8214,0,120
2020-09-05,Merced,83,8297,0,120
2020-09-06,Merced,30,8327,0,120
2020-09-07,Merced,54,8381,0,120
2020-09-08,Merced,0,8381,3,123
2020-09-09,Merced,60,8441,2,125
2020-09-10,Merced,20,8461,1,126
2020-09-11,Merced,28,8489,1,127
2020-09-12,Merced,44,8533,0,127
2020-09-13,Merced,42,8575,0,127
2020-09-14,Merced,18,8593,2,129
2020-09-15,Merced,40,8633,2,131
2020-09-16,Merced,13,8646,0,131
2020-09-17,Merced,25,8671,2,133
2020-09-18,Merced,20,8691,1,134
2020-09-19,Merced,26,8717,0,134
2020-09-20,Merced,28,8745,0,134
2020-09-21,Merced,4,8749,3,137
2020-09-22,Merced,20,8769,3,140
2020-09-23,Merced,16,8785,0,140
2020-09-24,Merced,28,8813,0,140
2020-09-25,Merced,17,8830,2,142
2020-09-26,Merced,11,8841,0,142
2020-09-27,Merced,12,8853,0,142
2020-09-28,Merced,16,8869,1,143
2020-09-29,Merced,23,8892,0,143
2020-09-30,Merced,34,8926,2,145
2020-10-01,Merced,16,8942,0,145
2020-10-02,Merced,19,8961,0,145
2020-10-03,Merced,25,8986,0,145
2020-10-04,Merced,20,9006,0,145
2020-10-05,Merced,15,9021,3,148
2020-10-06,Merced,13,9034,1,149
2020-10-07,Merced,11,9045,0,149
2020-10-08,Merced,24,9069,1,150
2020-10-09,Merced,26,9095,0,150
2020-10-10,Merced,10,9105,0,150
2020-10-11,Merced,19,9124,0,150
2020-10-12,Merced,17,9141,0,150
2020-10-13,Merced,40,9181,2,152
2020-10-14,Merced,20,9201,0,152
2020-10-15,Merced,12,9213,0,152
2020-10-16,Merced,33,9246,0,152
2020-10-17,Merced,29,9275,0,152
2020-10-18,Merced,17,9292,0,152
2020-10-19,Merced,13,9305,0,152
2020-10-20,Merced,18,9323,1,153
2020-10-21,Merced,-4,9319,1,154
2020-10-22,Merced,4,9323,0,154
2020-10-23,Merced,4,9327,1,155
2020-10-24,Merced,24,9351,0,155
2020-10-25,Merced,1,9352,0,155
2020-10-26,Merced,23,9375,0,155
2020-10-27,Merced,74,9449,0,155
2020-10-28,Merced,31,9480,0,155
2020-10-29,Merced,16,9496,0,155
2020-10-30,Merced,43,9539,1,156
2020-10-31,Merced,58,9597,0,156
2020-11-01,Merced,29,9626,0,156
2020-11-02,Merced,38,9664,2,158
2020-11-03,Merced,49,9713,2,160
2020-11-04,Merced,4,9717,1,161
2020-11-05,Merced,36,9753,2,163
2020-11-06,Merced,25,9778,1,164
2020-11-07,Merced,69,9847,0,164
2020-11-08,Merced,38,9885,0,164
2020-11-09,Merced,37,9922,0,164
2020-11-10,Merced,70,9992,0,164
2020-11-11,Merced,82,10074,0,164
2020-11-12,Merced,33,10107,2,166
2020-11-13,Merced,78,10185,3,169
2020-11-14,Merced,101,10286,0,169
2020-11-15,Merced,64,10350,0,169
2020-11-16,Merced,49,10399,3,172
2020-11-17,Merced,58,10457,2,174
2020-11-18,Merced,79,10536,1,175
2020-11-19,Merced,98,10634,0,175
2020-11-20,Merced,95,10729,1,176
2020-11-21,Merced,120,10849,0,176
2020-11-22,Merced,90,10939,0,176
2020-11-23,Merced,209,11148,3,179
2020-11-24,Merced,120,11268,0,179
2020-11-25,Merced,78,11346,0,179
2020-11-26,Merced,94,11440,0,179
2020-11-27,Merced,110,11550,0,179
2020-11-28,Merced,138,11688,0,179
2020-11-29,Merced,85,11773,0,179
2020-11-30,Merced,140,11913,2,181
2020-12-01,Merced,119,12032,1,182
2020-12-02,Merced,136,12168,3,185
2020-12-03,Merced,142,12310,1,186
2020-12-04,Merced,164,12474,5,191
2020-12-05,Merced,273,12747,0,191
2020-12-06,Merced,181,12928,0,191
2020-12-07,Merced,322,13250,3,194
2020-12-08,Merced,130,13380,4,198
2020-12-09,Merced,208,13588,3,201
2020-12-10,Merced,168,13756,1,202
2020-12-11,Merced,282,14038,5,207
2020-12-12,Merced,143,14181,0,207
2020-12-13,Merced,203,14384,0,207
2020-12-14,Merced,188,14572,0,207
2020-12-15,Merced,548,15120,0,207
2020-12-16,Merced,323,15443,0,207
2020-12-17,Merced,205,15648,0,207
2020-12-18,Merced,308,15956,9,216
2020-12-19,Merced,274,16230,0,216
2020-12-20,Merced,205,16435,0,216
2020-12-21,Merced,275,16710,7,223
2020-12-22,Merced,302,17012,2,225
2020-03-18,Kings,0,0,0,0
2020-03-19,Kings,0,0,0,0
2020-03-20,Kings,0,0,0,0
2020-03-21,Kings,0,0,0,0
2020-03-22,Kings,0,0,0,0
2020-03-23,Kings,0,0,0,0
2020-03-24,Kings,0,0,0,0
2020-03-25,Kings,0,0,0,0
2020-03-26,Kings,0,0,0,0
2020-03-27,Kings,0,0,0,0
2020-03-28,Kings,1,1,0,0
2020-03-29,Kings,0,1,0,0
2020-03-30,Kings,0,1,0,0
2020-03-31,Kings,1,2,0,0
2020-04-01,Kings,1,3,0,0
2020-04-02,Kings,0,3,0,0
2020-04-03,Kings,0,3,0,0
2020-04-04,Kings,0,3,0,0
2020-04-05,Kings,1,4,0,0
2020-04-06,Kings,-1,3,0,0
2020-04-07,Kings,2,5,0,0
2020-04-08,Kings,0,5,0,0
2020-04-09,Kings,0,5,0,0
2020-04-10,Kings,2,7,0,0
2020-04-11,Kings,2,9,0,0
2020-04-12,Kings,0,9,0,0
2020-04-13,Kings,1,10,0,0
2020-04-14,Kings,2,12,0,0
2020-04-15,Kings,0,12,1,1
2020-04-16,Kings,0,12,0,1
2020-04-17,Kings,3,15,0,1
2020-04-18,Kings,2,17,0,1
2020-04-19,Kings,0,17,0,1
2020-04-20,Kings,2,19,0,1
2020-04-21,Kings,9,28,0,1
2020-04-22,Kings,0,28,0,1
2020-04-23,Kings,0,28,0,1
2020-04-24,Kings,2,30,0,1
2020-04-25,Kings,3,33,0,1
2020-04-26,Kings,0,33,0,1
2020-04-27,Kings,15,48,0,1
2020-04-28,Kings,9,57,0,1
2020-04-29,Kings,23,80,0,1
2020-04-30,Kings,7,87,0,1
2020-05-01,Kings,25,112,0,1
2020-05-02,Kings,8,120,0,1
2020-05-03,Kings,17,137,0,1
2020-05-04,Kings,16,153,0,1
2020-05-05,Kings,34,187,0,1
2020-05-06,Kings,21,208,0,1
2020-05-07,Kings,11,219,0,1
2020-05-08,Kings,17,236,0,1
2020-05-09,Kings,28,264,0,1
2020-05-10,Kings,2,266,0,1
2020-05-11,Kings,23,289,0,1
2020-05-12,Kings,13,302,0,1
2020-05-13,Kings,12,314,0,1
2020-05-14,Kings,28,342,0,1
2020-05-15,Kings,5,347,0,1
2020-05-16,Kings,9,356,1,2
2020-05-17,Kings,0,356,0,2
2020-05-18,Kings,25,381,0,2
2020-05-19,Kings,12,393,0,2
2020-05-20,Kings,10,403,0,2
2020-05-21,Kings,14,417,0,2
2020-05-22,Kings,11,428,0,2
2020-05-23,Kings,16,444,0,2
2020-05-24,Kings,2,446,0,2
2020-05-25,Kings,1,447,0,2
2020-05-26,Kings,2,449,0,2
2020-05-27,Kings,137,586,1,3
2020-05-28,Kings,40,626,0,3
2020-05-29,Kings,67,693,0,3
2020-05-30,Kings,10,703,0,3
2020-05-31,Kings,0,703,2,5
2020-06-01,Kings,0,703,0,5
2020-06-02,Kings,17,720,0,5
2020-06-03,Kings,24,744,1,6
2020-06-04,Kings,98,842,0,6
2020-06-05,Kings,23,865,0,6
2020-06-06,Kings,17,882,0,6
2020-06-07,Kings,0,882,0,6
2020-06-08,Kings,10,892,0,6
2020-06-09,Kings,42,934,0,6
2020-06-10,Kings,18,952,0,6
2020-06-11,Kings,11,963,0,6
2020-06-12,Kings,24,987,0,6
2020-06-13,Kings,36,1023,0,6
2020-06-14,Kings,-1,1022,0,6
2020-06-15,Kings,0,1022,0,6
2020-06-16,Kings,22,1044,2,8
2020-06-17,Kings,53,1097,1,9
2020-06-18,Kings,44,1141,1,10
2020-06-19,Kings,144,1285,0,10
2020-06-20,Kings,46,1331,2,12
2020-06-21,Kings,3,1334,2,14
2020-06-22,Kings,179,1513,4,18
2020-06-23,Kings,214,1727,0,18
2020-06-24,Kings,336,2063,2,20
2020-06-25,Kings,50,2113,1,21
2020-06-26,Kings,67,2180,0,21
2020-06-27,Kings,45,2225,1,22
2020-06-28,Kings,26,2251,2,24
2020-06-29,Kings,67,2318,4,28
2020-06-30,Kings,26,2344,2,30
2020-07-01,Kings,26,2370,0,30
2020-07-02,Kings,49,2419,3,33
2020-07-03,Kings,73,2492,0,33
2020-07-04,Kings,17,2509,0,33
2020-07-05,Kings,37,2546,0,33
2020-07-06,Kings,37,2583,4,37
2020-07-07,Kings,40,2623,0,37
2020-07-08,Kings,6,2629,1,38
2020-07-09,Kings,57,2686,1,39
2020-07-10,Kings,21,2707,0,39
2020-07-11,Kings,46,2753,0,39
2020-07-12,Kings,26,2779,0,39
2020-07-13,Kings,45,2824,1,40
2020-07-14,Kings,43,2867,0,40
2020-07-15,Kings,39,2906,0,40
2020-07-16,Kings,31,2937,1,41
2020-07-17,Kings,41,2978,0,41
2020-07-18,Kings,18,2996,0,41
2020-07-19,Kings,39,3035,0,41
2020-07-20,Kings,58,3093,1,42
2020-07-21,Kings,94,3187,0,42
2020-07-22,Kings,84,3271,3,45
2020-07-23,Kings,100,3371,0,45
2020-07-24,Kings,100,3471,0,45
2020-07-25,Kings,45,3516,0,45
2020-07-26,Kings,75,3591,2,47
2020-07-27,Kings,94,3685,2,49
2020-07-28,Kings,36,3721,1,50
2020-07-29,Kings,34,3755,0,50
2020-07-30,Kings,30,3785,4,54
2020-07-31,Kings,22,3807,2,56
2020-08-01,Kings,141,3948,0,56
2020-08-02,Kings,16,3964,0,56
2020-08-03,Kings,143,4107,0,56
2020-08-04,Kings,56,4163,0,56
2020-08-05,Kings,29,4192,0,56
2020-08-06,Kings,72,4264,0,56
2020-08-07,Kings,51,4315,0,56
2020-08-08,Kings,52,4367,0,56
2020-08-09,Kings,79,4446,0,56
2020-08-10,Kings,142,4588,0,56
2020-08-11,Kings,108,4696,0,56
2020-08-12,Kings,40,4736,6,62
2020-08-13,Kings,88,4824,2,64
2020-08-14,Kings,129,4953,0,64
2020-08-15,Kings,86,5039,0,64
2020-08-16,Kings,107,5146,2,66
2020-08-17,Kings,103,5249,0,66
2020-08-18,Kings,20,5269,1,67
2020-08-19,Kings,32,5301,0,67
2020-08-20,Kings,46,5347,1,68
2020-08-21,Kings,44,5391,0,68
2020-08-22,Kings,56,5447,0,68
2020-08-23,Kings,181,5628,0,68
2020-08-24,Kings,24,5652,0,68
2020-08-25,Kings,50,5702,1,69
2020-08-26,Kings,18,5720,3,72
2020-08-27,Kings,39,5759,0,72
2020-08-28,Kings,70,5829,0,72
2020-08-29,Kings,77,5906,0,72
2020-08-30,Kings,94,6000,0,72
2020-08-31,Kings,37,6037,0,72
2020-09-01,Kings,51,6088,0,72
2020-09-02,Kings,54,6142,2,74
2020-09-03,Kings,58,6200,1,75
2020-09-04,Kings,59,6259,1,76
2020-09-05,Kings,259,6518,0,76
2020-09-06,Kings,43,6561,0,76
2020-09-07,Kings,69,6630,0,76
2020-09-08,Kings,28,6658,0,76
2020-09-09,Kings,63,6721,0,76
2020-09-10,Kings,18,6739,0,76
2020-09-11,Kings,31,6770,1,77
2020-09-12,Kings,125,6895,0,77
2020-09-13,Kings,42,6937,0,77
2020-09-14,Kings,13,6950,0,77
2020-09-15,Kings,27,6977,0,77
2020-09-16,Kings,25,7002,0,77
2020-09-17,Kings,13,7015,0,77
2020-09-18,Kings,47,7062,0,77
2020-09-19,Kings,68,7130,0,77
2020-09-20,Kings,29,7159,0,77
2020-09-21,Kings,138,7297,0,77
2020-09-22,Kings,98,7395,0,77
2020-09-23,Kings,11,7406,0,77
2020-09-24,Kings,22,7428,0,77
2020-09-25,Kings,22,7450,0,77
2020-09-26,Kings,87,7537,3,80
2020-09-27,Kings,104,7641,0,80
2020-09-28,Kings,20,7661,0,80
2020-09-29,Kings,20,7681,0,80
2020-09-30,Kings,4,7685,0,80
2020-10-01,Kings,3,7688,0,80
2020-10-02,Kings,28,7716,0,80
2020-10-03,Kings,171,7887,0,80
2020-10-04,Kings,32,7919,2,82
2020-10-05,Kings,13,7932,0,82
2020-10-06,Kings,11,7943,0,82
2020-10-07,Kings,5,7948,0,82
2020-10-08,Kings,20,7968,0,82
2020-10-09,Kings,25,7993,0,82
2020-10-10,Kings,85,8078,0,82
2020-10-11,Kings,16,8094,0,82
2020-10-12,Kings,12,8106,0,82
2020-10-13,Kings,5,8111,0,82
2020-10-14,Kings,7,8118,0,82
2020-10-15,Kings,16,8134,0,82
2020-10-16,Kings,12,8146,1,83
2020-10-17,Kings,5,8151,0,83
2020-10-18,Kings,8,8159,0,83
2020-10-19,Kings,14,8173,0,83
2020-10-20,Kings,5,8178,0,83
2020-10-21,Kings,8,8186,0,83
2020-10-22,Kings,15,8201,0,83
2020-10-23,Kings,17,8218,0,83
2020-10-24,Kings,10,8228,0,83
2020-10-25,Kings,18,8246,0,83
2020-10-26,Kings,18,8264,0,83
2020-10-27,Kings,147,8411,0,83
2020-10-28,Kings,75,8486,0,83
2020-10-29,Kings,16,8502,0,83
2020-10-30,Kings,62,8564,0,83
2020-10-31,Kings,48,8612,0,83
2020-11-01,Kings,29,8641,0,83
2020-11-02,Kings,13,8654,1,84
2020-11-03,Kings,129,8783,0,84
2020-11-04,Kings,34,8817,0,84
2020-11-05,Kings,29,8846,0,84
2020-11-06,Kings,37,8883,2,86
2020-11-07,Kings,119,9002,1,87
2020-11-08,Kings,24,9026,0,87
2020-11-09,Kings,115,9141,0,87
2020-11-10,Kings,95,9236,0,87
2020-11-11,Kings,27,9263,0,87
2020-11-12,Kings,72,9335,0,87
2020-11-13,Kings,93,9428,0,87
2020-11-14,Kings,62,9490,-1,86
2020-11-15,Kings,43,9533,1,87
2020-11-16,Kings,36,9569,0,87
2020-11-17,Kings,84,9653,0,87
2020-11-18,Kings,43,9696,-1,86
2020-11-19,Kings,67,9763,0,86
2020-11-20,Kings,140,9903,0,86
2020-11-21,Kings,116,10019,0,86
2020-11-22,Kings,16,10035,0,86
2020-11-23,Kings,169,10204,1,87
2020-11-24,Kings,134,10338,0,87
2020-11-25,Kings,79,10417,0,87
2020-11-26,Kings,58,10475,0,87
2020-11-27,Kings,192,10667,0,87
2020-11-28,Kings,403,11070,0,87
2020-11-29,Kings,177,11247,0,87
2020-11-30,Kings,99,11346,0,87
2020-12-01,Kings,69,11415,2,89
2020-12-02,Kings,116,11531,0,89
2020-12-03,Kings,127,11658,0,89
2020-12-04,Kings,109,11767,2,91
2020-12-05,Kings,131,11898,2,93
2020-12-06,Kings,158,12056,2,95
2020-12-07,Kings,356,12412,0,95
2020-12-08,Kings,211,12623,0,95
2020-12-09,Kings,93,12716,2,97
2020-12-10,Kings,277,12993,0,97
2020-12-11,Kings,125,13118,1,98
2020-12-12,Kings,87,13205,0,98
2020-12-13,Kings,152,13357,0,98
2020-12-14,Kings,134,13491,2,100
2020-12-15,Kings,161,13652,0,100
2020-12-16,Kings,82,13734,1,101
2020-12-17,Kings,323,14057,0,101
2020-12-18,Kings,227,14284,0,101
2020-12-19,Kings,190,14474,2,103
2020-12-20,Kings,155,14629,1,104
2020-12-21,Kings,131,14760,0,104
2020-12-22,Kings,95,14855,1,105
2020-03-18,Kern,1,1,0,0
2020-03-19,Kern,2,3,0,0
2020-03-20,Kern,0,3,0,0
2020-03-21,Kern,0,3,0,0
2020-03-22,Kern,0,3,0,0
2020-03-23,Kern,2,5,0,0
2020-03-24,Kern,0,5,0,0
2020-03-25,Kern,8,13,0,0
2020-03-26,Kern,7,20,0,0
2020-03-27,Kern,0,20,0,0
2020-03-28,Kern,0,20,0,0
2020-03-29,Kern,0,20,0,0
2020-03-30,Kern,10,30,0,0
2020-03-31,Kern,17,47,0,0
2020-04-01,Kern,6,53,0,0
2020-04-02,Kern,21,74,0,0
2020-04-03,Kern,13,87,1,1
2020-04-04,Kern,16,103,1,2
2020-04-05,Kern,6,109,0,2
2020-04-06,Kern,8,117,0,2
2020-04-07,Kern,17,134,0,2
2020-04-08,Kern,64,198,0,2
2020-04-09,Kern,43,241,0,2
2020-04-10,Kern,31,272,1,3
2020-04-11,Kern,32,304,0,3
2020-04-12,Kern,15,319,0,3
2020-04-13,Kern,60,379,0,3
2020-04-14,Kern,74,453,0,3
2020-04-15,Kern,47,500,0,3
2020-04-16,Kern,87,587,0,3
2020-04-17,Kern,25,612,0,3
2020-04-18,Kern,14,626,0,3
2020-04-19,Kern,3,629,0,3
2020-04-20,Kern,22,651,0,3
2020-04-21,Kern,25,676,1,4
2020-04-22,Kern,37,713,0,4
2020-04-23,Kern,19,732,0,4
2020-04-24,Kern,38,770,0,4
2020-04-25,Kern,32,802,0,4
2020-04-26,Kern,29,831,1,5
2020-04-27,Kern,34,865,0,5
2020-04-28,Kern,17,882,0,5
2020-04-29,Kern,28,910,1,6
2020-04-30,Kern,31,941,2,8
2020-05-01,Kern,31,972,0,8
2020-05-02,Kern,35,1007,0,8
2020-05-03,Kern,18,1025,0,8
2020-05-04,Kern,22,1047,2,10
2020-05-05,Kern,37,1084,1,11
2020-05-06,Kern,28,1112,3,14
2020-05-07,Kern,64,1176,1,15
2020-05-08,Kern,38,1214,1,16
2020-05-09,Kern,48,1262,0,16
2020-05-10,Kern,38,1300,0,16
2020-05-11,Kern,31,1331,0,16
2020-05-12,Kern,32,1363,5,21
2020-05-13,Kern,27,1390,1,22
2020-05-14,Kern,40,1430,3,25
2020-05-15,Kern,42,1472,0,25
2020-05-16,Kern,37,1509,0,25
2020-05-17,Kern,37,1546,1,26
2020-05-18,Kern,20,1566,0,26
2020-05-19,Kern,35,1601,0,26
2020-05-20,Kern,38,1639,1,27
2020-05-21,Kern,45,1684,1,28
2020-05-22,Kern,65,1749,2,30
2020-05-23,Kern,57,1806,1,31
2020-05-24,Kern,55,1861,0,31
2020-05-25,Kern,29,1890,0,31
2020-05-26,Kern,0,1890,4,35
2020-05-27,Kern,109,1999,1,36
2020-05-28,Kern,70,2069,1,37
2020-05-29,Kern,59,2128,0,37
2020-05-30,Kern,89,2217,1,38
2020-05-31,Kern,83,2300,0,38
2020-06-01,Kern,66,2366,0,38
2020-06-02,Kern,40,2406,1,39
2020-06-03,Kern,46,2452,2,41
2020-06-04,Kern,78,2530,4,45
2020-06-05,Kern,94,2624,1,46
2020-06-06,Kern,71,2695,0,46
2020-06-07,Kern,76,2771,0,46
2020-06-08,Kern,82,2853,4,50
2020-06-09,Kern,67,2920,0,50
2020-06-10,Kern,80,3000,3,53
2020-06-11,Kern,47,3047,1,54
2020-06-12,Kern,105,3152,1,55
2020-06-13,Kern,87,3239,0,55
2020-06-14,Kern,89,3328,0,55
2020-06-15,Kern,89,3417,2,57
2020-06-16,Kern,79,3496,1,58
2020-06-17,Kern,51,3547,2,60
2020-06-18,Kern,87,3634,0,60
2020-06-19,Kern,108,3742,0,60
2020-06-20,Kern,94,3836,0,60
2020-06-21,Kern,82,3918,0,60
2020-06-22,Kern,64,3982,6,66
2020-06-23,Kern,105,4087,0,66
2020-06-24,Kern,68,4155,4,70
2020-06-25,Kern,90,4245,0,70
2020-06-26,Kern,135,4380,0,70
2020-06-27,Kern,94,4474,0,70
2020-06-28,Kern,118,4592,0,70
2020-06-29,Kern,133,4725,0,70
2020-06-30,Kern,82,4807,3,73
2020-07-01,Kern,206,5013,3,76
2020-07-02,Kern,23,5036,1,77
2020-07-03,Kern,177,5213,3,80
2020-07-04,Kern,18,5231,1,81
2020-07-05,Kern,120,5351,0,81
2020-07-06,Kern,140,5491,1,82
2020-07-07,Kern,154,5645,2,84
2020-07-08,Kern,228,5873,3,87
2020-07-09,Kern,227,6100,2,89
2020-07-10,Kern,244,6344,8,97
2020-07-11,Kern,165,6509,0,97
2020-07-12,Kern,153,6662,0,97
2020-07-13,Kern,146,6808,1,98
2020-07-14,Kern,171,6979,0,98
2020-07-15,Kern,176,7155,0,98
2020-07-16,Kern,280,7435,7,105
2020-07-17,Kern,856,8291,0,105
2020-07-18,Kern,959,9250,0,105
2020-07-19,Kern,844,10094,0,105
2020-07-20,Kern,814,10908,0,105
2020-07-21,Kern,1090,11998,0,105
2020-07-22,Kern,1515,13513,10,115
2020-07-23,Kern,978,14491,0,115
2020-07-24,Kern,1633,16124,8,123
2020-07-25,Kern,786,16910,0,123
2020-07-26,Kern,484,17394,0,123
2020-07-27,Kern,600,17994,0,123
2020-07-28,Kern,840,18834,12,135
2020-07-29,Kern,239,19073,0,135
2020-07-30,Kern,479,19552,4,139
2020-07-31,Kern,509,20061,1,140
2020-08-01,Kern,735,20796,4,144
2020-08-02,Kern,366,21162,0,144
2020-08-03,Kern,123,21285,0,144
2020-08-04,Kern,118,21403,7,151
2020-08-05,Kern,137,21540,1,152
2020-08-06,Kern,303,21843,0,152
2020-08-07,Kern,300,22143,8,160
2020-08-08,Kern,660,22803,11,171
2020-08-09,Kern,877,23680,0,171
2020-08-10,Kern,819,24499,0,171
2020-08-11,Kern,543,25042,12,183
2020-08-12,Kern,149,25191,0,183
2020-08-13,Kern,281,25472,4,187
2020-08-14,Kern,421,25893,17,204
2020-08-15,Kern,445,26338,0,204
2020-08-16,Kern,182,26520,0,204
2020-08-17,Kern,253,26773,0,204
2020-08-18,Kern,205,26978,12,216
2020-08-19,Kern,164,27142,12,228
2020-08-20,Kern,195,27337,1,229
2020-08-21,Kern,230,27567,9,238
2020-08-22,Kern,240,27807,2,240
2020-08-23,Kern,221,28028,0,240
2020-08-24,Kern,129,28157,0,240
2020-08-25,Kern,259,28416,11,251
2020-08-26,Kern,91,28507,0,251
2020-08-27,Kern,128,28635,5,256
2020-08-28,Kern,109,28744,17,273
2020-08-29,Kern,203,28947,13,286
2020-08-30,Kern,40,28987,0,286
2020-08-31,Kern,80,29067,0,286
2020-09-01,Kern,95,29162,6,292
2020-09-02,Kern,126,29288,4,296
2020-09-03,Kern,138,29426,-2,294
2020-09-04,Kern,100,29526,2,296
2020-09-05,Kern,119,29645,0,296
2020-09-06,Kern,54,29699,0,296
2020-09-07,Kern,91,29790,0,296
2020-09-08,Kern,60,29850,0,296
2020-09-09,Kern,75,29925,1,297
2020-09-10,Kern,63,29988,10,307
2020-09-11,Kern,71,30059,15,322
2020-09-12,Kern,143,30202,4,326
2020-09-13,Kern,75,30277,6,332
2020-09-14,Kern,67,30344,0,332
2020-09-15,Kern,85,30429,1,333
2020-09-16,Kern,141,30570,7,340
2020-09-17,Kern,57,30627,0,340
2020-09-18,Kern,115,30742,10,350
2020-09-19,Kern,144,30886,4,354
2020-09-20,Kern,106,30992,0,354
2020-09-21,Kern,39,31031,0,354
2020-09-22,Kern,79,31110,3,357
2020-09-23,Kern,62,31172,3,360
2020-09-24,Kern,101,31273,1,361
2020-09-25,Kern,60,31333,6,367
2020-09-26,Kern,77,31410,2,369
2020-09-27,Kern,52,31462,0,369
2020-09-28,Kern,19,31481,0,369
2020-09-29,Kern,53,31534,0,369
2020-09-30,Kern,67,31601,1,370
2020-10-01,Kern,77,31678,1,371
2020-10-02,Kern,112,31790,10,381
2020-10-03,Kern,74,31864,5,386
2020-10-04,Kern,42,31906,0,386
2020-10-05,Kern,27,31933,0,386
2020-10-06,Kern,73,32006,1,387
2020-10-07,Kern,62,32068,0,387
2020-10-08,Kern,101,32169,0,387
2020-10-09,Kern,68,32237,5,392
2020-10-10,Kern,101,32338,2,394
2020-10-11,Kern,61,32399,1,395
2020-10-12,Kern,26,32425,0,395
2020-10-13,Kern,72,32497,2,397
2020-10-14,Kern,31,32528,9,406
2020-10-15,Kern,65,32593,0,406
2020-10-16,Kern,67,32660,2,408
2020-10-17,Kern,50,32710,2,410
2020-10-18,Kern,89,32799,0,410
2020-10-19,Kern,41,32840,0,410
2020-10-20,Kern,49,32889,3,413
2020-10-21,Kern,67,32956,2,415
2020-10-22,Kern,35,32991,1,416
2020-10-23,Kern,86,33077,0,416
2020-10-24,Kern,28,33105,0,416
2020-10-25,Kern,80,33185,0,416
2020-10-26,Kern,48,33233,0,416
2020-10-27,Kern,95,33328,4,420
2020-10-28,Kern,96,33424,0,420
2020-10-29,Kern,36,33460,2,422
2020-10-30,Kern,123,33583,1,423
2020-10-31,Kern,83,33666,1,424
2020-11-01,Kern,94,33760,0,424
2020-11-02,Kern,74,33834,0,424
2020-11-03,Kern,123,33957,1,425
2020-11-04,Kern,70,34027,1,426
2020-11-05,Kern,205,34232,2,428
2020-11-06,Kern,128,34360,1,429
2020-11-07,Kern,79,34439,0,429
2020-11-08,Kern,205,34644,0,429
2020-11-09,Kern,120,34764,0,429
2020-11-10,Kern,94,34858,0,429
2020-11-11,Kern,156,35014,0,429
2020-11-12,Kern,193,35207,1,430
2020-11-13,Kern,224,35431,2,432
2020-11-14,Kern,195,35626,0,432
2020-11-15,Kern,285,35911,0,432
2020-11-16,Kern,138,36049,0,432
2020-11-17,Kern,115,36164,0,432
2020-11-18,Kern,373,36537,5,437
2020-11-19,Kern,242,36779,0,437
2020-11-20,Kern,364,37143,3,440
2020-11-21,Kern,260,37403,5,445
2020-11-22,Kern,501,37904,0,445
2020-11-23,Kern,341,38245,0,445
2020-11-24,Kern,306,38551,2,447
2020-11-25,Kern,327,38878,1,448
2020-11-26,Kern,245,39123,0,448
2020-11-27,Kern,584,39707,0,448
2020-11-28,Kern,548,40255,0,448
2020-11-29,Kern,341,40596,0,448
2020-11-30,Kern,345,40941,0,448
2020-12-01,Kern,404,41345,1,449
2020-12-02,Kern,315,41660,2,451
2020-12-03,Kern,402,42062,1,452
2020-12-04,Kern,435,42497,3,455
2020-12-05,Kern,835,43332,1,456
2020-12-06,Kern,567,43899,0,456
2020-12-07,Kern,510,44409,0,456
2020-12-08,Kern,707,45116,1,457
2020-12-09,Kern,1263,46379,6,463
2020-12-10,Kern,797,47176,0,463
2020-12-11,Kern,488,47664,4,467
2020-12-12,Kern,530,48194,0,467
2020-12-13,Kern,857,49051,2,469
2020-12-14,Kern,1487,50538,0,469
2020-12-15,Kern,1464,52002,1,470
2020-12-16,Kern,894,52896,0,470
2020-12-17,Kern,787,53683,6,476
2020-12-18,Kern,537,54220,3,479
2020-12-19,Kern,898,55118,2,481
2020-12-20,Kern,865,55983,0,481
2020-12-21,Kern,853,56836,0,481
2020-12-22,Kern,980,57816,1,482
2020-03-18,Riverside,11,11,2,2
2020-03-19,Riverside,3,14,1,3
2020-03-20,Riverside,5,19,0,3
2020-03-21,Riverside,1,20,0,3
2020-03-22,Riverside,6,26,2,5
2020-03-23,Riverside,13,39,0,5
2020-03-24,Riverside,17,56,0,5
2020-03-25,Riverside,31,87,0,5
2020-03-26,Riverside,31,118,2,7
2020-03-27,Riverside,3,121,0,7
2020-03-28,Riverside,0,121,0,7
2020-03-29,Riverside,1,122,0,7
2020-03-30,Riverside,82,204,0,7
2020-03-31,Riverside,80,284,1,8
2020-04-01,Riverside,22,306,3,11
2020-04-02,Riverside,132,438,2,13
2020-04-03,Riverside,102,540,1,14
2020-04-04,Riverside,112,652,1,15
2020-04-05,Riverside,17,669,2,17
2020-04-06,Riverside,185,854,0,17
2020-04-07,Riverside,51,905,8,25
2020-04-08,Riverside,69,974,3,28
2020-04-09,Riverside,109,1083,1,29
2020-04-10,Riverside,79,1162,9,38
2020-04-11,Riverside,98,1260,0,38
2020-04-12,Riverside,70,1330,1,39
2020-04-13,Riverside,130,1460,11,50
2020-04-14,Riverside,7,1467,4,54
2020-04-15,Riverside,256,1723,5,59
2020-04-16,Riverside,190,1913,6,65
2020-04-17,Riverside,167,2080,8,73
2020-04-18,Riverside,177,2257,5,78
2020-04-19,Riverside,59,2316,5,83
2020-04-20,Riverside,161,2477,6,89
2020-04-21,Riverside,154,2631,7,96
2020-04-22,Riverside,191,2822,13,109
2020-04-23,Riverside,113,2935,1,110
2020-04-24,Riverside,109,3044,8,118
2020-04-25,Riverside,-7,3037,0,118
2020-04-26,Riverside,264,3301,13,131
2020-04-27,Riverside,80,3381,7,138
2020-04-28,Riverside,123,3504,4,142
2020-04-29,Riverside,196,3700,7,149
2020-04-30,Riverside,120,3820,7,156
2020-05-01,Riverside,73,3893,11,167
2020-05-02,Riverside,104,3997,0,167
2020-05-03,Riverside,37,4034,9,176
2020-05-04,Riverside,187,4221,8,184
2020-05-05,Riverside,88,4309,6,190
2020-05-06,Riverside,226,4535,4,194
2020-05-07,Riverside,73,4608,9,203
2020-05-08,Riverside,64,4672,7,210
2020-05-09,Riverside,199,4871,2,212
2020-05-10,Riverside,80,4951,3,215
2020-05-11,Riverside,131,5082,13,228
2020-05-12,Riverside,52,5134,10,238
2020-05-13,Riverside,70,5204,8,246
2020-05-14,Riverside,135,5339,3,249
2020-05-15,Riverside,157,5496,6,255
2020-05-16,Riverside,137,5633,4,259
2020-05-17,Riverside,143,5776,4,263
2020-05-18,Riverside,97,5873,5,268
2020-05-19,Riverside,90,5963,6,274
2020-05-20,Riverside,127,6090,9,283
2020-05-21,Riverside,155,6245,6,289
2020-05-22,Riverside,106,6351,9,298
2020-05-23,Riverside,109,6460,1,299
2020-05-24,Riverside,111,6571,5,304
2020-05-25,Riverside,329,6900,5,309
2020-05-26,Riverside,17,6917,5,314
2020-05-27,Riverside,239,7156,6,320
2020-05-28,Riverside,84,7240,11,331
2020-05-29,Riverside,136,7376,8,339
2020-05-30,Riverside,116,7492,0,339
2020-05-31,Riverside,212,7704,5,344
2020-06-01,Riverside,217,7921,0,344
2020-06-02,Riverside,170,8091,0,344
2020-06-03,Riverside,117,8208,1,345
2020-06-04,Riverside,265,8473,0,345
2020-06-05,Riverside,227,8700,10,355
2020-06-06,Riverside,235,8935,0,355
2020-06-07,Riverside,170,9105,0,355
2020-06-08,Riverside,141,9246,9,364
2020-06-09,Riverside,265,9511,1,365
2020-06-10,Riverside,346,9857,15,380
2020-06-11,Riverside,157,10014,0,380
2020-06-12,Riverside,602,10616,3,383
2020-06-13,Riverside,315,10931,0,383
2020-06-14,Riverside,287,11218,0,383
2020-06-15,Riverside,158,11376,1,384
2020-06-16,Riverside,262,11638,11,395
2020-06-17,Riverside,221,11859,4,399
2020-06-18,Riverside,551,12410,9,408
2020-06-19,Riverside,300,12710,2,410
2020-06-20,Riverside,311,13021,0,410
2020-06-21,Riverside,507,13528,0,410
2020-06-22,Riverside,420,13948,14,424
2020-06-23,Riverside,521,14469,7,431
2020-06-24,Riverside,477,14946,1,432
2020-06-25,Riverside,340,15286,3,435
2020-06-26,Riverside,669,15955,3,438
2020-06-27,Riverside,397,16352,0,438
2020-06-28,Riverside,905,17257,0,438
2020-06-29,Riverside,1313,18570,2,440
2020-06-30,Riverside,656,19226,17,457
2020-07-01,Riverside,310,19536,6,463
2020-07-02,Riverside,717,20253,2,465
2020-07-03,Riverside,918,21171,14,479
2020-07-04,Riverside,337,21508,0,479
2020-07-05,Riverside,3,21511,0,479
2020-07-06,Riverside,974,22485,7,486
2020-07-07,Riverside,794,23279,20,506
2020-07-08,Riverside,763,24042,9,515
2020-07-09,Riverside,938,24980,18,533
2020-07-10,Riverside,501,25481,4,537
2020-07-11,Riverside,513,25994,0,537
2020-07-12,Riverside,410,26404,0,537
2020-07-13,Riverside,732,27136,13,550
2020-07-14,Riverside,714,27850,3,553
2020-07-15,Riverside,642,28492,24,577
2020-07-16,Riverside,412,28904,8,585
2020-07-17,Riverside,735,29639,2,587
2020-07-18,Riverside,606,30245,0,587
2020-07-19,Riverside,95,30340,0,587
2020-07-20,Riverside,823,31163,1,588
2020-07-21,Riverside,1068,32231,1,589
2020-07-22,Riverside,862,33093,28,617
2020-07-23,Riverside,740,33833,20,637
2020-07-24,Riverside,680,34513,0,637
2020-07-25,Riverside,408,34921,0,637
2020-07-26,Riverside,715,35636,0,637
2020-07-27,Riverside,186,35822,34,671
2020-07-28,Riverside,636,36458,1,672
2020-07-29,Riverside,510,36968,10,682
2020-07-30,Riverside,340,37308,6,688
2020-07-31,Riverside,304,37612,7,695
2020-08-01,Riverside,604,38216,0,695
2020-08-02,Riverside,291,38507,0,695
2020-08-03,Riverside,135,38642,42,737
2020-08-04,Riverside,349,38991,1,738
2020-08-05,Riverside,463,39454,14,752
2020-08-06,Riverside,815,40269,18,770
2020-08-07,Riverside,633,40902,29,799
2020-08-08,Riverside,510,41412,0,799
2020-08-09,Riverside,482,41894,0,799
2020-08-10,Riverside,1402,43296,21,820
2020-08-11,Riverside,941,44237,4,824
2020-08-12,Riverside,510,44747,29,853
2020-08-13,Riverside,580,45327,26,879
2020-08-14,Riverside,1129,46456,2,881
2020-08-15,Riverside,264,46720,0,881
2020-08-16,Riverside,949,47669,0,881
2020-08-17,Riverside,393,48062,31,912
2020-08-18,Riverside,385,48447,1,913
2020-08-19,Riverside,294,48741,4,917
2020-08-20,Riverside,212,48953,5,922
2020-08-21,Riverside,456,49409,5,927
2020-08-22,Riverside,535,49944,0,927
2020-08-23,Riverside,349,50293,0,927
2020-08-24,Riverside,203,50496,45,972
2020-08-25,Riverside,393,50889,6,978
2020-08-26,Riverside,249,51138,6,984
2020-08-27,Riverside,168,51306,13,997
2020-08-28,Riverside,204,51510,10,1007
2020-08-29,Riverside,408,51918,0,1007
2020-08-30,Riverside,309,52227,0,1007
2020-08-31,Riverside,281,52508,12,1019
2020-09-01,Riverside,277,52785,7,1026
2020-09-02,Riverside,138,52923,7,1033
2020-09-03,Riverside,418,53341,20,1053
2020-09-04,Riverside,265,53606,14,1067
2020-09-05,Riverside,174,53780,0,1067
2020-09-06,Riverside,190,53970,0,1067
2020-09-07,Riverside,208,54178,0,1067
2020-09-08,Riverside,-10,54168,8,1075
2020-09-09,Riverside,152,54320,10,1085
2020-09-10,Riverside,97,54417,9,1094
2020-09-11,Riverside,300,54717,9,1103
2020-09-12,Riverside,341,55058,0,1103
2020-09-13,Riverside,177,55235,0,1103
2020-09-14,Riverside,253,55488,15,1118
2020-09-15,Riverside,81,55569,7,1125
2020-09-16,Riverside,242,55811,11,1136
2020-09-17,Riverside,196,56007,7,1143
2020-09-18,Riverside,241,56248,10,1153
2020-09-19,Riverside,314,56562,0,1153
2020-09-20,Riverside,221,56783,0,1153
2020-09-21,Riverside,218,57001,9,1162
2020-09-22,Riverside,65,57066,10,1172
2020-09-23,Riverside,191,57257,1,1173
2020-09-24,Riverside,234,57491,6,1179
2020-09-25,Riverside,292,57783,10,1189
2020-09-26,Riverside,293,58076,0,1189
2020-09-27,Riverside,433,58509,0,1189
2020-09-28,Riverside,61,58570,17,1206
2020-09-29,Riverside,293,58863,10,1216
2020-09-30,Riverside,211,59074,10,1226
2020-10-01,Riverside,219,59293,0,1226
2020-10-02,Riverside,380,59673,5,1231
2020-10-03,Riverside,318,59991,0,1231
2020-10-04,Riverside,260,60251,0,1231
2020-10-05,Riverside,203,60454,7,1238
2020-10-06,Riverside,139,60593,6,1244
2020-10-07,Riverside,264,60857,3,1247
2020-10-08,Riverside,248,61105,1,1248
2020-10-09,Riverside,424,61529,8,1256
2020-10-10,Riverside,316,61845,0,1256
2020-10-11,Riverside,267,62112,0,1256
2020-10-12,Riverside,167,62279,0,1256
2020-10-13,Riverside,0,62279,2,1258
2020-10-14,Riverside,328,62607,6,1264
2020-10-15,Riverside,212,62819,5,1269
2020-10-16,Riverside,167,62986,0,1269
2020-10-17,Riverside,185,63171,0,1269
2020-10-18,Riverside,594,63765,0,1269
2020-10-19,Riverside,251,64016,3,1272
2020-10-20,Riverside,436,64452,1,1273
2020-10-21,Riverside,326,64778,2,1275
2020-10-22,Riverside,326,65104,4,1279
2020-10-23,Riverside,408,65512,0,1279
2020-10-24,Riverside,390,65902,0,1279
2020-10-25,Riverside,290,66192,0,1279
2020-10-26,Riverside,283,66475,16,1295
2020-10-27,Riverside,224,66699,8,1303
2020-10-28,Riverside,304,67003,2,1305
2020-10-29,Riverside,265,67268,1,1306
2020-10-30,Riverside,484,67752,13,1319
2020-10-31,Riverside,426,68178,0,1319
2020-11-01,Riverside,315,68493,0,1319
2020-11-02,Riverside,340,68833,3,1322
2020-11-03,Riverside,467,69300,2,1324
2020-11-04,Riverside,262,69562,5,1329
2020-11-05,Riverside,532,70094,2,1331
2020-11-06,Riverside,315,70409,2,1333
2020-11-07,Riverside,566,70975,0,1333
2020-11-08,Riverside,467,71442,0,1333
2020-11-09,Riverside,617,72059,5,1338
2020-11-10,Riverside,257,72316,14,1352
2020-11-11,Riverside,637,72953,0,1352
2020-11-12,Riverside,428,73381,3,1355
2020-11-13,Riverside,757,74138,12,1367
2020-11-14,Riverside,772,74910,0,1367
2020-11-15,Riverside,621,75531,0,1367
2020-11-16,Riverside,918,76449,7,1374
2020-11-17,Riverside,630,77079,0,1374
2020-11-18,Riverside,660,77739,9,1383
2020-11-19,Riverside,796,78535,13,1396
2020-11-20,Riverside,1078,79613,4,1400
2020-11-21,Riverside,1063,80676,0,1400
2020-11-22,Riverside,889,81565,0,1400
2020-11-23,Riverside,610,82175,13,1413
2020-11-24,Riverside,1510,83685,4,1417
2020-11-25,Riverside,1392,85077,17,1434
2020-11-26,Riverside,697,85774,0,1434
2020-11-27,Riverside,-5,85769,3,1437
2020-11-28,Riverside,1085,86854,0,1437
2020-11-29,Riverside,529,87383,0,1437
2020-11-30,Riverside,339,87722,5,1442
2020-12-01,Riverside,808,88530,1,1443
2020-12-02,Riverside,1559,90089,1,1444
2020-12-03,Riverside,2400,92489,13,1457
2020-12-04,Riverside,2766,95255,15,1472
2020-12-05,Riverside,3357,98612,0,1472
2020-12-06,Riverside,1476,100088,0,1472
2020-12-07,Riverside,2275,102363,16,1488
2020-12-08,Riverside,5257,107620,25,1513
2020-12-09,Riverside,2756,110376,26,1539
2020-12-10,Riverside,2418,112794,12,1551
2020-12-11,Riverside,2535,115329,22,1573
2020-12-12,Riverside,3006,118335,0,1573
2020-12-13,Riverside,1356,119691,0,1573
2020-12-14,Riverside,4024,123715,13,1586
2020-12-15,Riverside,8107,131822,42,1628
2020-12-16,Riverside,3929,135751,38,1666
2020-12-17,Riverside,3574,139325,42,1708
2020-12-18,Riverside,3050,142375,36,1744
2020-12-19,Riverside,4328,146703,0,1744
2020-12-20,Riverside,2011,148714,0,1744
2020-12-21,Riverside,2999,151713,9,1753
2020-12-22,Riverside,3346,155059,36,1789
2020-03-18,Unassigned,21,21,0,0
2020-03-19,Unassigned,-8,13,0,0
2020-03-20,Unassigned,3,16,0,0
2020-03-21,Unassigned,38,54,0,0
2020-03-22,Unassigned,5,59,1,1
2020-03-23,Unassigned,0,59,-1,0
2020-03-24,Unassigned,6,65,0,0
2020-03-25,Unassigned,3,68,0,0
2020-03-26,Unassigned,1,69,1,1
2020-03-27,Unassigned,-26,43,0,1
2020-03-28,Unassigned,4,47,0,1
2020-03-29,Unassigned,3,50,0,1
2020-03-30,Unassigned,0,50,0,1
2020-03-31,Unassigned,0,50,0,1
2020-04-01,Unassigned,0,50,0,1
2020-04-02,Unassigned,-1,49,0,1
2020-04-03,Unassigned,5,54,0,1
2020-04-04,Unassigned,-2,52,0,1
2020-04-05,Unassigned,0,52,0,1
2020-04-06,Unassigned,1,53,1,2
2020-04-07,Unassigned,0,53,0,2
2020-04-08,Unassigned,2,55,0,2
2020-04-09,Unassigned,-2,53,0,2
2020-04-10,Unassigned,-51,2,-2,0
2020-04-11,Unassigned,0,2,0,0
2020-04-12,Unassigned,0,2,0,0
2020-04-13,Unassigned,0,2,0,0
2020-04-14,Unassigned,0,2,0,0
2020-04-15,Unassigned,0,2,0,0
2020-04-16,Unassigned,2,4,0,0
2020-04-17,Unassigned,-2,2,0,0
2020-04-18,Unassigned,1,3,0,0
2020-04-19,Unassigned,-2,1,0,0
2020-04-20,Unassigned,1,2,0,0
2020-04-21,Unassigned,0,2,0,0
2020-04-22,Unassigned,1,3,0,0
2020-04-23,Unassigned,0,3,0,0
2020-04-24,Unassigned,-1,2,0,0
2020-04-25,Unassigned,1,3,0,0
2020-04-26,Unassigned,0,3,0,0
2020-04-27,Unassigned,0,3,0,0
2020-04-28,Unassigned,-1,2,0,0
2020-04-29,Unassigned,0,2,0,0
2020-04-30,Unassigned,1,3,0,0
2020-05-01,Unassigned,1,4,0,0
2020-05-02,Unassigned,-2,2,0,0
2020-05-03,Unassigned,1,3,0,0
2020-05-04,Unassigned,0,3,0,0
2020-05-05,Unassigned,-1,2,0,0
2020-05-06,Unassigned,0,2,0,0
2020-05-07,Unassigned,0,2,0,0
2020-05-08,Unassigned,0,2,0,0
2020-05-09,Unassigned,1,3,0,0
2020-05-10,Unassigned,-1,2,0,0
2020-05-11,Unassigned,1,3,0,0
2020-05-12,Unassigned,1,4,0,0
2020-05-13,Unassigned,-2,2,0,0
2020-05-14,Unassigned,0,2,0,0
2020-05-15,Unassigned,1,3,0,0
2020-05-16,Unassigned,1,4,0,0
2020-05-17,Unassigned,-1,3,0,0
2020-05-18,Unassigned,0,3,0,0
2020-05-19,Unassigned,3,6,0,0
2020-05-20,Unassigned,-3,3,0,0
2020-05-21,Unassigned,-1,2,0,0
2020-05-22,Unassigned,1,3,0,0
2020-05-23,Unassigned,-1,2,0,0
2020-05-24,Unassigned,0,2,0,0
2020-05-25,Unassigned,0,2,0,0
2020-05-26,Unassigned,0,2,0,0
2020-05-27,Unassigned,0,2,0,0
2020-05-28,Unassigned,1,3,0,0
2020-05-29,Unassigned,2,5,0,0
2020-05-30,Unassigned,-2,3,0,0
2020-05-31,Unassigned,-1,2,0,0
2020-06-01,Unassigned,1,3,0,0
2020-06-02,Unassigned,0,3,0,0
2020-06-03,Unassigned,-1,2,0,0
2020-06-04,Unassigned,1,3,0,0
2020-06-05,Unassigned,0,3,0,0
2020-06-06,Unassigned,-1,2,0,0
2020-06-07,Unassigned,1,3,0,0
2020-06-08,Unassigned,-1,2,0,0
2020-06-09,Unassigned,2,4,0,0
2020-06-10,Unassigned,-1,3,0,0
2020-06-11,Unassigned,-1,2,0,0
2020-06-12,Unassigned,1,3,0,0
2020-06-13,Unassigned,2,5,0,0
2020-06-14,Unassigned,-3,2,0,0
2020-06-15,Unassigned,2,4,0,0
2020-06-16,Unassigned,-2,2,0,0
2020-06-17,Unassigned,3,5,0,0
2020-06-18,Unassigned,-2,3,0,0
2020-06-19,Unassigned,0,3,0,0
2020-06-20,Unassigned,0,3,0,0
2020-06-21,Unassigned,0,3,0,0
2020-06-22,Unassigned,1,4,0,0
2020-06-23,Unassigned,-1,3,0,0
2020-06-24,Unassigned,-1,2,0,0
2020-06-25,Unassigned,0,2,0,0
2020-06-26,Unassigned,1,3,0,0
2020-06-27,Unassigned,0,3,0,0
2020-06-28,Unassigned,2,5,0,0
2020-06-29,Unassigned,-1,4,0,0
2020-06-30,Unassigned,1,5,0,0
2020-07-01,Unassigned,1,6,0,0
2020-07-02,Unassigned,1,7,0,0
2020-07-03,Unassigned,-1,6,0,0
2020-07-04,Unassigned,-1,5,0,0
2020-07-05,Unassigned,2,7,0,0
2020-07-06,Unassigned,1,8,0,0
2020-07-07,Unassigned,-2,6,0,0
2020-07-08,Unassigned,-1,5,0,0
2020-07-09,Unassigned,-1,4,0,0
2020-07-10,Unassigned,1,5,0,0
2020-07-11,Unassigned,-2,3,0,0
2020-07-12,Unassigned,2,5,0,0
2020-07-13,Unassigned,3,8,0,0
2020-07-14,Unassigned,-4,4,0,0
2020-07-15,Unassigned,6,10,0,0
2020-07-16,Unassigned,-6,4,0,0
2020-07-17,Unassigned,11,15,0,0
2020-07-18,Unassigned,-7,8,0,0
2020-07-19,Unassigned,2,10,0,0
2020-07-20,Unassigned,3,13,0,0
2020-07-21,Unassigned,-10,3,0,0
2020-07-22,Unassigned,1,4,0,0
2020-07-23,Unassigned,0,4,0,0
2020-07-24,Unassigned,1,5,0,0
2020-07-25,Unassigned,-2,3,0,0
2020-07-26,Unassigned,3,6,0,0
2020-07-27,Unassigned,-1,5,0,0
2020-07-28,Unassigned,-1,4,0,0
2020-07-29,Unassigned,-2,2,0,0
2020-07-30,Unassigned,2,4,0,0
2020-07-31,Unassigned,-1,3,0,0
2020-08-01,Unassigned,-1,2,0,0
2020-08-02,Unassigned,1,3,0,0
2020-08-03,Unassigned,0,3,0,0
2020-08-04,Unassigned,3,6,0,0
2020-08-05,Unassigned,-3,3,0,0
2020-08-06,Unassigned,-1,2,0,0
2020-08-07,Unassigned,0,2,0,0
2020-08-08,Unassigned,4,6,0,0
2020-08-09,Unassigned,-1,5,0,0
2020-08-10,Unassigned,-1,4,0,0
2020-08-11,Unassigned,2,6,0,0
2020-08-12,Unassigned,1,7,0,0
2020-08-13,Unassigned,-5,2,0,0
2020-08-14,Unassigned,2,4,0,0
2020-08-15,Unassigned,-2,2,0,0
2020-08-16,Unassigned,0,2,0,0
2020-08-17,Unassigned,0,2,0,0
2020-08-18,Unassigned,2,4,0,0
2020-08-19,Unassigned,-2,2,0,0
2020-08-20,Unassigned,2,4,0,0
2020-08-21,Unassigned,-2,2,0,0
2020-08-22,Unassigned,0,2,0,0
2020-08-23,Unassigned,1,3,0,0
2020-08-24,Unassigned,1,4,0,0
2020-08-25,Unassigned,-3,1,0,0
2020-08-26,Unassigned,0,1,0,0
2020-08-27,Unassigned,1,2,0,0
2020-08-28,Unassigned,0,2,0,0
2020-08-29,Unassigned,-1,1,0,0
2020-08-30,Unassigned,0,1,0,0
2020-08-31,Unassigned,1,2,0,0
2020-09-01,Unassigned,-1,1,0,0
2020-09-02,Unassigned,0,1,0,0
2020-09-03,Unassigned,0,1,0,0
2020-09-04,Unassigned,0,1,0,0
2020-09-05,Unassigned,0,1,0,0
2020-09-06,Unassigned,0,1,0,0
2020-09-07,Unassigned,1,2,0,0
2020-09-08,Unassigned,0,2,0,0
2020-09-09,Unassigned,-1,1,0,0
2020-09-10,Unassigned,6,7,0,0
2020-09-11,Unassigned,-5,2,0,0
2020-09-12,Unassigned,-1,1,0,0
2020-09-13,Unassigned,7,8,0,0
2020-09-14,Unassigned,-1,7,0,0
2020-09-15,Unassigned,-6,1,0,0
2020-09-16,Unassigned,0,1,0,0
2020-09-17,Unassigned,1,2,0,0
2020-09-18,Unassigned,-1,1,0,0
2020-09-19,Unassigned,4,5,0,0
2020-09-20,Unassigned,3,8,0,0
2020-09-21,Unassigned,1,9,0,0
2020-09-22,Unassigned,1,10,0,0
2020-09-23,Unassigned,5,15,0,0
2020-09-24,Unassigned,-2,13,0,0
2020-09-25,Unassigned,-2,11,0,0
2020-09-26,Unassigned,-1,10,0,0
2020-09-27,Unassigned,0,10,0,0
2020-09-28,Unassigned,0,10,0,0
2020-09-29,Unassigned,1,11,0,0
2020-09-30,Unassigned,-4,7,0,0
2020-10-01,Unassigned,-4,3,0,0
2020-10-02,Unassigned,2,5,0,0
2020-10-03,Unassigned,-2,3,0,0
2020-10-04,Unassigned,0,3,0,0
2020-10-05,Unassigned,0,3,0,0
2020-10-06,Unassigned,20,23,0,0
2020-10-07,Unassigned,-20,3,0,0
2020-10-08,Unassigned,2,5,0,0
2020-10-09,Unassigned,0,5,0,0
2020-10-10,Unassigned,4,9,0,0
2020-10-11,Unassigned,0,9,0,0
2020-10-12,Unassigned,0,9,0,0
2020-10-13,Unassigned,-7,2,0,0
2020-10-14,Unassigned,-1,1,0,0
2020-10-15,Unassigned,1,2,0,0
2020-10-16,Unassigned,1,3,0,0
2020-10-17,Unassigned,2,5,0,0
2020-10-18,Unassigned,0,5,0,0
2020-10-19,Unassigned,0,5,0,0
2020-10-20,Unassigned,2,7,0,0
2020-10-21,Unassigned,-2,5,0,0
2020-10-22,Unassigned,-4,1,0,0
2020-10-23,Unassigned,0,1,0,0
2020-10-24,Unassigned,2,3,0,0
2020-10-25,Unassigned,-1,2,0,0
2020-10-26,Unassigned,1,3,0,0
2020-10-27,Unassigned,-1,2,0,0
2020-10-28,Unassigned,0,2,0,0
2020-10-29,Unassigned,0,2,0,0
2020-10-30,Unassigned,0,2,0,0
2020-10-31,Unassigned,2,4,0,0
2020-11-01,Unassigned,0,4,0,0
2020-11-02,Unassigned,-1,3,0,0
2020-11-03,Unassigned,2,5,0,0
2020-11-04,Unassigned,3,8,0,0
2020-11-05,Unassigned,-5,3,0,0
2020-11-06,Unassigned,2,5,0,0
2020-11-07,Unassigned,1,6,0,0
2020-11-08,Unassigned,-2,4,0,0
2020-11-09,Unassigned,0,4,0,0
2020-11-10,Unassigned,-1,3,0,0
2020-11-11,Unassigned,3,6,0,0
2020-11-12,Unassigned,-1,5,0,0
2020-11-13,Unassigned,1,6,0,0
2020-11-14,Unassigned,-1,5,0,0
2020-11-15,Unassigned,2,7,0,0
2020-11-16,Unassigned,1,8,0,0
2020-11-17,Unassigned,0,8,0,0
2020-11-18,Unassigned,-2,6,0,0
2020-11-19,Unassigned,0,6,0,0
2020-11-20,Unassigned,0,6,0,0
2020-11-21,Unassigned,0,6,0,0
2020-11-22,Unassigned,1,7,0,0
2020-11-23,Unassigned,0,7,0,0
2020-11-24,Unassigned,1,8,0,0
2020-11-25,Unassigned,-1,7,0,0
2020-11-26,Unassigned,0,7,0,0
2020-11-27,Unassigned,1,8,0,0
2020-11-28,Unassigned,0,8,0,0
2020-11-29,Unassigned,1,9,0,0
2020-11-30,Unassigned,0,9,0,0
2020-12-01,Unassigned,0,9,0,0
2020-12-02,Unassigned,2,11,0,0
2020-12-03,Unassigned,-1,10,0,0
2020-12-04,Unassigned,-2,8,0,0
2020-12-05,Unassigned,1,9,0,0
2020-12-06,Unassigned,-1,8,0,0
2020-12-07,Unassigned,0,8,0,0
2020-12-08,Unassigned,0,8,0,0
2020-12-09,Unassigned,3,11,0,0
2020-12-10,Unassigned,-3,8,0,0
2020-12-11,Unassigned,-3,5,0,0
2020-12-12,Unassigned,2,7,0,0
2020-12-13,Unassigned,0,7,0,0
2020-12-14,Unassigned,286,293,0,0
2020-12-15,Unassigned,718,1011,0,0
2020-12-16,Unassigned,403,1414,0,0
2020-12-17,Unassigned,270,1684,0,0
2020-12-18,Unassigned,450,2134,0,0
2020-12-19,Unassigned,467,2601,0,0
2020-12-20,Unassigned,226,2827,0,0
2020-12-21,Unassigned,212,3039,0,0
2020-12-22,Unassigned,579,3618,0,0
2020-03-18,Contra Costa,44,44,0,0
2020-03-19,Contra Costa,2,46,0,0
2020-03-20,Contra Costa,6,52,1,1
2020-03-21,Contra Costa,10,62,0,1
2020-03-22,Contra Costa,17,79,0,1
2020-03-23,Contra Costa,12,91,1,2
2020-03-24,Contra Costa,17,108,-1,1
2020-03-25,Contra Costa,23,131,0,1
2020-03-26,Contra Costa,16,147,1,2
2020-03-27,Contra Costa,14,161,0,2
2020-03-28,Contra Costa,14,175,0,2
2020-03-29,Contra Costa,12,187,1,3
2020-03-30,Contra Costa,25,212,0,3
2020-03-31,Contra Costa,34,246,0,3
2020-04-01,Contra Costa,21,267,0,3
2020-04-02,Contra Costa,30,297,0,3
2020-04-03,Contra Costa,30,327,2,5
2020-04-04,Contra Costa,55,382,0,5
2020-04-05,Contra Costa,33,415,1,6
2020-04-06,Contra Costa,32,447,1,7
2020-04-07,Contra Costa,24,471,0,7
2020-04-08,Contra Costa,10,481,0,7
2020-04-09,Contra Costa,24,505,0,7
2020-04-10,Contra Costa,32,537,2,9
2020-04-11,Contra Costa,13,550,3,12
2020-04-12,Contra Costa,3,553,0,12
2020-04-13,Contra Costa,28,581,1,13
2020-04-14,Contra Costa,36,617,0,13
2020-04-15,Contra Costa,28,645,1,14
2020-04-16,Contra Costa,30,675,2,16
2020-04-17,Contra Costa,12,687,3,19
2020-04-18,Contra Costa,34,721,0,19
2020-04-19,Contra Costa,10,731,1,20
2020-04-20,Contra Costa,22,753,2,22
2020-04-21,Contra Costa,13,766,0,22
2020-04-22,Contra Costa,6,772,0,22
2020-04-23,Contra Costa,14,786,1,23
2020-04-24,Contra Costa,20,806,0,23
2020-04-25,Contra Costa,15,821,2,25
2020-04-26,Contra Costa,9,830,0,25
2020-04-27,Contra Costa,13,843,0,25
2020-04-28,Contra Costa,23,866,0,25
2020-04-29,Contra Costa,19,885,0,25
2020-04-30,Contra Costa,15,900,2,27
2020-05-01,Contra Costa,15,915,1,28
2020-05-02,Contra Costa,14,929,0,28
2020-05-03,Contra Costa,16,945,0,28
2020-05-04,Contra Costa,4,949,0,28
2020-05-05,Contra Costa,27,976,1,29
2020-05-06,Contra Costa,14,990,0,29
2020-05-07,Contra Costa,15,1005,0,29
2020-05-08,Contra Costa,19,1024,0,29
2020-05-09,Contra Costa,15,1039,3,32
2020-05-10,Contra Costa,7,1046,-1,31
2020-05-11,Contra Costa,6,1052,1,32
2020-05-12,Contra Costa,15,1067,0,32
2020-05-13,Contra Costa,15,1082,1,33
2020-05-14,Contra Costa,8,1090,0,33
2020-05-15,Contra Costa,16,1106,0,33
2020-05-16,Contra Costa,30,1136,0,33
2020-05-17,Contra Costa,19,1155,0,33
2020-05-18,Contra Costa,18,1173,0,33
2020-05-19,Contra Costa,32,1205,0,33
2020-05-20,Contra Costa,18,1223,0,33
2020-05-21,Contra Costa,20,1243,3,36
2020-05-22,Contra Costa,29,1272,0,36
2020-05-23,Contra Costa,30,1302,0,36
2020-05-24,Contra Costa,23,1325,0,36
2020-05-25,Contra Costa,23,1348,1,37
2020-05-26,Contra Costa,4,1352,0,37
2020-05-27,Contra Costa,21,1373,0,37
2020-05-28,Contra Costa,19,1392,0,37
2020-05-29,Contra Costa,19,1411,0,37
2020-05-30,Contra Costa,18,1429,0,37
2020-05-31,Contra Costa,29,1458,0,37
2020-06-01,Contra Costa,28,1486,1,38
2020-06-02,Contra Costa,19,1505,0,38
2020-06-03,Contra Costa,6,1511,0,38
2020-06-04,Contra Costa,40,1551,0,38
2020-06-05,Contra Costa,24,1575,0,38
2020-06-06,Contra Costa,44,1619,0,38
2020-06-07,Contra Costa,34,1653,1,39
2020-06-08,Contra Costa,61,1714,1,40
2020-06-09,Contra Costa,30,1744,3,43
2020-06-10,Contra Costa,34,1778,0,43
2020-06-11,Contra Costa,19,1797,1,44
2020-06-12,Contra Costa,30,1827,0,44
2020-06-13,Contra Costa,41,1868,0,44
2020-06-14,Contra Costa,25,1893,0,44
2020-06-15,Contra Costa,25,1918,0,44
2020-06-16,Contra Costa,53,1971,5,49
2020-06-17,Contra Costa,49,2020,1,50
2020-06-18,Contra Costa,52,2072,5,55
2020-06-19,Contra Costa,34,2106,1,56
2020-06-20,Contra Costa,125,2231,0,56
2020-06-21,Contra Costa,51,2282,6,62
2020-06-22,Contra Costa,81,2363,0,62
2020-06-23,Contra Costa,90,2453,0,62
2020-06-24,Contra Costa,67,2520,5,67
2020-06-25,Contra Costa,80,2600,5,72
2020-06-26,Contra Costa,90,2690,1,73
2020-06-27,Contra Costa,53,2743,0,73
2020-06-28,Contra Costa,125,2868,1,74
2020-06-29,Contra Costa,247,3115,2,76
2020-06-30,Contra Costa,102,3217,0,76
2020-07-01,Contra Costa,41,3258,1,77
2020-07-02,Contra Costa,89,3347,1,78
2020-07-03,Contra Costa,100,3447,1,79
2020-07-04,Contra Costa,136,3583,2,81
2020-07-05,Contra Costa,82,3665,0,81
2020-07-06,Contra Costa,236,3901,4,85
2020-07-07,Contra Costa,230,4131,1,86
2020-07-08,Contra Costa,137,4268,0,86
2020-07-09,Contra Costa,120,4388,2,88
2020-07-10,Contra Costa,94,4482,0,88
2020-07-11,Contra Costa,168,4650,1,89
2020-07-12,Contra Costa,58,4708,1,90
2020-07-13,Contra Costa,174,4882,0,90
2020-07-14,Contra Costa,228,5110,2,92
2020-07-15,Contra Costa,136,5246,0,92
2020-07-16,Contra Costa,92,5338,1,93
2020-07-17,Contra Costa,145,5483,3,96
2020-07-18,Contra Costa,134,5617,2,98
2020-07-19,Contra Costa,74,5691,0,98
2020-07-20,Contra Costa,132,5823,1,99
2020-07-21,Contra Costa,387,6210,3,102
2020-07-22,Contra Costa,191,6401,0,102
2020-07-23,Contra Costa,218,6619,0,102
2020-07-24,Contra Costa,195,6814,1,103
2020-07-25,Contra Costa,106,6920,1,104
2020-07-26,Contra Costa,175,7095,0,104
2020-07-27,Contra Costa,161,7256,0,104
2020-07-28,Contra Costa,170,7426,4,108
2020-07-29,Contra Costa,94,7520,1,109
2020-07-30,Contra Costa,95,7615,7,116
2020-07-31,Contra Costa,82,7697,3,119
2020-08-01,Contra Costa,170,7867,2,121
2020-08-02,Contra Costa,128,7995,4,125
2020-08-03,Contra Costa,74,8069,2,127
2020-08-04,Contra Costa,141,8210,4,131
2020-08-05,Contra Costa,152,8362,0,131
2020-08-06,Contra Costa,221,8583,3,134
2020-08-07,Contra Costa,227,8810,2,136
2020-08-08,Contra Costa,294,9104,2,138
2020-08-09,Contra Costa,110,9214,1,139
2020-08-10,Contra Costa,240,9454,0,139
2020-08-11,Contra Costa,558,10012,7,146
2020-08-12,Contra Costa,292,10304,3,149
2020-08-13,Contra Costa,241,10545,2,151
2020-08-14,Contra Costa,348,10893,1,152
2020-08-15,Contra Costa,213,11106,4,156
2020-08-16,Contra Costa,149,11255,1,157
2020-08-17,Contra Costa,187,11442,0,157
2020-08-18,Contra Costa,247,11689,0,157
2020-08-19,Contra Costa,206,11895,1,158
2020-08-20,Contra Costa,213,12108,3,161
2020-08-21,Contra Costa,225,12333,3,164
2020-08-22,Contra Costa,189,12522,4,168
2020-08-23,Contra Costa,120,12642,1,169
2020-08-24,Contra Costa,264,12906,0,169
2020-08-25,Contra Costa,275,13181,2,171
2020-08-26,Contra Costa,67,13248,1,172
2020-08-27,Contra Costa,131,13379,1,173
2020-08-28,Contra Costa,143,13522,0,173
2020-08-29,Contra Costa,141,13663,0,173
2020-08-30,Contra Costa,117,13780,2,175
2020-08-31,Contra Costa,122,13902,0,175
2020-09-01,Contra Costa,96,13998,4,179
2020-09-02,Contra Costa,99,14097,4,183
2020-09-03,Contra Costa,109,14206,0,183
2020-09-04,Contra Costa,149,14355,3,186
2020-09-05,Contra Costa,101,14456,0,186
2020-09-06,Contra Costa,109,14565,0,186
2020-09-07,Contra Costa,72,14637,1,187
2020-09-08,Contra Costa,103,14740,0,187
2020-09-09,Contra Costa,76,14816,0,187
2020-09-10,Contra Costa,93,14909,1,188
2020-09-11,Contra Costa,92,15001,1,189
2020-09-12,Contra Costa,134,15135,2,191
2020-09-13,Contra Costa,149,15284,1,192
2020-09-14,Contra Costa,70,15354,0,192
2020-09-15,Contra Costa,69,15423,2,194
2020-09-16,Contra Costa,50,15473,3,197
2020-09-17,Contra Costa,103,15576,1,198
2020-09-18,Contra Costa,91,15667,1,199
2020-09-19,Contra Costa,116,15783,0,199
2020-09-20,Contra Costa,134,15917,2,201
2020-09-21,Contra Costa,91,16008,0,201
2020-09-22,Contra Costa,82,16090,1,202
2020-09-23,Contra Costa,77,16167,2,204
2020-09-24,Contra Costa,85,16252,0,204
2020-09-25,Contra Costa,149,16401,1,205
2020-09-26,Contra Costa,107,16508,0,205
2020-09-27,Contra Costa,88,16596,1,206
2020-09-28,Contra Costa,57,16653,0,206
2020-09-29,Contra Costa,63,16716,1,207
2020-09-30,Contra Costa,103,16819,2,209
2020-10-01,Contra Costa,79,16898,0,209
2020-10-02,Contra Costa,104,17002,2,211
2020-10-03,Contra Costa,85,17087,0,211
2020-10-04,Contra Costa,105,17192,1,212
2020-10-05,Contra Costa,58,17250,1,213
2020-10-06,Contra Costa,45,17295,5,218
2020-10-07,Contra Costa,51,17346,6,224
2020-10-08,Contra Costa,72,17418,3,227
2020-10-09,Contra Costa,69,17487,1,228
2020-10-10,Contra Costa,79,17566,2,230
2020-10-11,Contra Costa,112,17678,0,230
2020-10-12,Contra Costa,50,17728,0,230
2020-10-13,Contra Costa,55,17783,1,231
2020-10-14,Contra Costa,37,17820,2,233
2020-10-15,Contra Costa,73,17893,1,234
2020-10-16,Contra Costa,63,17956,0,234
2020-10-17,Contra Costa,49,18005,0,234
2020-10-18,Contra Costa,115,18120,0,234
2020-10-19,Contra Costa,53,18173,2,236
2020-10-20,Contra Costa,73,18246,2,238
2020-10-21,Contra Costa,53,18299,2,240
2020-10-22,Contra Costa,94,18393,0,240
2020-10-23,Contra Costa,90,18483,1,241
2020-10-24,Contra Costa,84,18567,0,241
2020-10-25,Contra Costa,73,18640,1,242
2020-10-26,Contra Costa,78,18718,0,242
2020-10-27,Contra Costa,48,18766,1,243
2020-10-28,Contra Costa,62,18828,0,243
2020-10-29,Contra Costa,105,18933,3,246
2020-10-30,Contra Costa,141,19074,0,246
2020-10-31,Contra Costa,87,19161,0,246
2020-11-01,Contra Costa,85,19246,1,247
2020-11-02,Contra Costa,93,19339,0,247
2020-11-03,Contra Costa,77,19416,0,247
2020-11-04,Contra Costa,56,19472,1,248
2020-11-05,Contra Costa,184,19656,2,250
2020-11-06,Contra Costa,88,19744,0,250
2020-11-07,Contra Costa,155,19899,1,251
2020-11-08,Contra Costa,132,20031,2,253
2020-11-09,Contra Costa,162,20193,0,253
2020-11-10,Contra Costa,133,20326,0,253
2020-11-11,Contra Costa,126,20452,0,253
2020-11-12,Contra Costa,167,20619,-1,252
2020-11-13,Contra Costa,180,20799,1,253
2020-11-14,Contra Costa,176,20975,0,253
2020-11-15,Contra Costa,204,21179,0,253
2020-11-16,Contra Costa,207,21386,0,253
2020-11-17,Contra Costa,171,21557,0,253
2020-11-18,Contra Costa,128,21685,2,255
2020-11-19,Contra Costa,201,21886,1,256
2020-11-20,Contra Costa,230,22116,1,257
2020-11-21,Contra Costa,222,22338,1,258
2020-11-22,Contra Costa,69,22407,0,258
2020-11-23,Contra Costa,267,22674,0,258
2020-11-24,Contra Costa,398,23072,0,258
2020-11-25,Contra Costa,235,23307,2,260
2020-11-26,Contra Costa,161,23468,1,261
2020-11-27,Contra Costa,-5,23463,0,261
2020-11-28,Contra Costa,335,23798,0,261
2020-11-29,Contra Costa,367,24165,0,261
2020-11-30,Contra Costa,200,24365,0,261
2020-12-01,Contra Costa,423,24788,0,261
2020-12-02,Contra Costa,359,25147,0,261
2020-12-03,Contra Costa,317,25464,1,262
2020-12-04,Contra Costa,241,25705,0,262
2020-12-05,Contra Costa,512,26217,5,267
2020-12-06,Contra Costa,349,26566,0,267
2020-12-07,Contra Costa,741,27307,0,267
2020-12-08,Contra Costa,619,27926,0,267
2020-12-09,Contra Costa,382,28308,3,270
2020-12-10,Contra Costa,105,28413,3,273
2020-12-11,Contra Costa,623,29036,6,279
2020-12-12,Contra Costa,470,29506,0,279
2020-12-13,Contra Costa,161,29667,0,279
2020-12-14,Contra Costa,927,30594,0,279
2020-12-15,Contra Costa,829,31423,0,279
2020-12-16,Contra Costa,1006,32429,11,290
2020-12-17,Contra Costa,577,33006,0,290
2020-12-18,Contra Costa,604,33610,7,297
2020-12-19,Contra Costa,711,34321,1,298
2020-12-20,Contra Costa,477,34798,0,298
2020-12-21,Contra Costa,409,35207,0,298
2020-12-22,Contra Costa,474,35681,0,298
2020-03-18,Del Norte,0,0,0,0
2020-03-19,Del Norte,0,0,0,0
2020-03-20,Del Norte,0,0,0,0
2020-03-21,Del Norte,0,0,0,0
2020-03-22,Del Norte,0,0,0,0
2020-03-23,Del Norte,0,0,0,0
2020-03-24,Del Norte,0,0,0,0
2020-03-25,Del Norte,0,0,0,0
2020-03-26,Del Norte,0,0,0,0
2020-03-27,Del Norte,0,0,0,0
2020-03-28,Del Norte,0,0,0,0
2020-03-29,Del Norte,0,0,0,0
2020-03-30,Del Norte,0,0,0,0
2020-03-31,Del Norte,0,0,0,0
2020-04-01,Del Norte,0,0,0,0
2020-04-02,Del Norte,0,0,0,0
2020-04-03,Del Norte,1,1,0,0
2020-04-04,Del Norte,0,1,0,0
2020-04-05,Del Norte,0,1,0,0
2020-04-06,Del Norte,1,2,0,0
2020-04-07,Del Norte,0,2,0,0
2020-04-08,Del Norte,0,2,0,0
2020-04-09,Del Norte,0,2,0,0
2020-04-10,Del Norte,0,2,0,0
2020-04-11,Del Norte,0,2,0,0
2020-04-12,Del Norte,0,2,0,0
2020-04-13,Del Norte,0,2,0,0
2020-04-14,Del Norte,0,2,0,0
2020-04-15,Del Norte,0,2,0,0
2020-04-16,Del Norte,0,2,0,0
2020-04-17,Del Norte,0,2,0,0
2020-04-18,Del Norte,0,2,0,0
2020-04-19,Del Norte,0,2,0,0
2020-04-20,Del Norte,0,2,0,0
2020-04-21,Del Norte,0,2,0,0
2020-04-22,Del Norte,0,2,0,0
2020-04-23,Del Norte,0,2,0,0
2020-04-24,Del Norte,0,2,0,0
2020-04-25,Del Norte,0,2,0,0
2020-04-26,Del Norte,1,3,0,0
2020-04-27,Del Norte,0,3,0,0
2020-04-28,Del Norte,0,3,0,0
2020-04-29,Del Norte,0,3,0,0
2020-04-30,Del Norte,0,3,0,0
2020-05-01,Del Norte,0,3,0,0
2020-05-02,Del Norte,0,3,0,0
2020-05-03,Del Norte,0,3,0,0
2020-05-04,Del Norte,0,3,0,0
2020-05-05,Del Norte,0,3,0,0
2020-05-06,Del Norte,0,3,0,0
2020-05-07,Del Norte,0,3,0,0
2020-05-08,Del Norte,0,3,0,0
2020-05-09,Del Norte,0,3,0,0
2020-05-10,Del Norte,0,3,0,0
2020-05-11,Del Norte,0,3,0,0
2020-05-12,Del Norte,0,3,0,0
2020-05-13,Del Norte,1,4,0,0
2020-05-14,Del Norte,0,4,0,0
2020-05-15,Del Norte,0,4,0,0
2020-05-16,Del Norte,0,4,0,0
2020-05-17,Del Norte,3,7,0,0
2020-05-18,Del Norte,1,8,0,0
2020-05-19,Del Norte,0,8,0,0
2020-05-20,Del Norte,1,9,0,0
2020-05-21,Del Norte,0,9,0,0
2020-05-22,Del Norte,0,9,0,0
2020-05-23,Del Norte,1,10,0,0
2020-05-24,Del Norte,6,16,0,0
2020-05-25,Del Norte,4,20,0,0
2020-05-26,Del Norte,10,30,0,0
2020-05-27,Del Norte,4,34,0,0
2020-05-28,Del Norte,3,37,0,0
2020-05-29,Del Norte,0,37,0,0
2020-05-30,Del Norte,0,37,0,0
2020-05-31,Del Norte,0,37,0,0
2020-06-01,Del Norte,1,38,0,0
2020-06-02,Del Norte,1,39,0,0
2020-06-03,Del Norte,0,39,0,0
2020-06-04,Del Norte,6,45,0,0
2020-06-05,Del Norte,0,45,0,0
2020-06-06,Del Norte,0,45,0,0
2020-06-07,Del Norte,0,45,0,0
2020-06-08,Del Norte,0,45,0,0
2020-06-09,Del Norte,0,45,0,0
2020-06-10,Del Norte,0,45,0,0
2020-06-11,Del Norte,0,45,0,0
2020-06-12,Del Norte,0,45,0,0
2020-06-13,Del Norte,0,45,0,0
2020-06-14,Del Norte,0,45,0,0
2020-06-15,Del Norte,0,45,0,0
2020-06-16,Del Norte,0,45,0,0
2020-06-17,Del Norte,0,45,0,0
2020-06-18,Del Norte,1,46,0,0
2020-06-19,Del Norte,0,46,0,0
2020-06-20,Del Norte,0,46,0,0
2020-06-21,Del Norte,0,46,0,0
2020-06-22,Del Norte,0,46,0,0
2020-06-23,Del Norte,0,46,0,0
2020-06-24,Del Norte,1,47,0,0
2020-06-25,Del Norte,0,47,0,0
2020-06-26,Del Norte,0,47,0,0
2020-06-27,Del Norte,0,47,0,0
2020-06-28,Del Norte,0,47,0,0
2020-06-29,Del Norte,0,47,0,0
2020-06-30,Del Norte,2,49,0,0
2020-07-01,Del Norte,1,50,0,0
2020-07-02,Del Norte,0,50,0,0
2020-07-03,Del Norte,0,50,0,0
2020-07-04,Del Norte,0,50,0,0
2020-07-05,Del Norte,7,57,0,0
2020-07-06,Del Norte,0,57,0,0
2020-07-07,Del Norte,0,57,0,0
2020-07-08,Del Norte,0,57,0,0
2020-07-09,Del Norte,0,57,0,0
2020-07-10,Del Norte,0,57,0,0
2020-07-11,Del Norte,2,59,0,0
2020-07-12,Del Norte,0,59,0,0
2020-07-13,Del Norte,0,59,0,0
2020-07-14,Del Norte,1,60,0,0
2020-07-15,Del Norte,0,60,0,0
2020-07-16,Del Norte,0,60,0,0
2020-07-17,Del Norte,0,60,0,0
2020-07-18,Del Norte,1,61,0,0
2020-07-19,Del Norte,0,61,0,0
2020-07-20,Del Norte,0,61,0,0
2020-07-21,Del Norte,5,66,0,0
2020-07-22,Del Norte,0,66,0,0
2020-07-23,Del Norte,0,66,0,0
2020-07-24,Del Norte,0,66,0,0
2020-07-25,Del Norte,1,67,0,0
2020-07-26,Del Norte,0,67,0,0
2020-07-27,Del Norte,0,67,0,0
2020-07-28,Del Norte,1,68,0,0
2020-07-29,Del Norte,0,68,0,0
2020-07-30,Del Norte,0,68,0,0
2020-07-31,Del Norte,0,68,0,0
2020-08-01,Del Norte,0,68,0,0
2020-08-02,Del Norte,0,68,0,0
2020-08-03,Del Norte,0,68,0,0
2020-08-04,Del Norte,1,69,0,0
2020-08-05,Del Norte,0,69,0,0
2020-08-06,Del Norte,0,69,0,0
2020-08-07,Del Norte,0,69,0,0
2020-08-08,Del Norte,0,69,0,0
2020-08-09,Del Norte,0,69,0,0
2020-08-10,Del Norte,0,69,0,0
2020-08-11,Del Norte,4,73,0,0
2020-08-12,Del Norte,1,74,0,0
2020-08-13,Del Norte,0,74,0,0
2020-08-14,Del Norte,2,76,0,0
2020-08-15,Del Norte,1,77,0,0
2020-08-16,Del Norte,0,77,0,0
2020-08-17,Del Norte,0,77,1,1
2020-08-18,Del Norte,1,78,0,1
2020-08-19,Del Norte,0,78,0,1
2020-08-20,Del Norte,0,78,0,1
2020-08-21,Del Norte,0,78,0,1
2020-08-22,Del Norte,2,80,0,1
2020-08-23,Del Norte,0,80,0,1
2020-08-24,Del Norte,0,80,0,1
2020-08-25,Del Norte,3,83,0,1
2020-08-26,Del Norte,3,86,0,1
2020-08-27,Del Norte,21,107,0,1
2020-08-28,Del Norte,0,107,0,1
2020-08-29,Del Norte,1,108,0,1
2020-08-30,Del Norte,0,108,0,1
2020-08-31,Del Norte,0,108,0,1
2020-09-01,Del Norte,0,108,0,1
2020-09-02,Del Norte,1,109,0,1
2020-09-03,Del Norte,0,109,0,1
2020-09-04,Del Norte,0,109,0,1
2020-09-05,Del Norte,0,109,0,1
2020-09-06,Del Norte,0,109,0,1
2020-09-07,Del Norte,0,109,0,1
2020-09-08,Del Norte,0,109,0,1
2020-09-09,Del Norte,0,109,0,1
2020-09-10,Del Norte,3,112,0,1
2020-09-11,Del Norte,3,115,0,1
2020-09-12,Del Norte,1,116,0,1
2020-09-13,Del Norte,0,116,0,1
2020-09-14,Del Norte,0,116,0,1
2020-09-15,Del Norte,13,129,0,1
2020-09-16,Del Norte,2,131,0,1
2020-09-17,Del Norte,0,131,0,1
2020-09-18,Del Norte,0,131,0,1
2020-09-19,Del Norte,1,132,0,1
2020-09-20,Del Norte,0,132,0,1
2020-09-21,Del Norte,0,132,0,1
2020-09-22,Del Norte,5,137,0,1
2020-09-23,Del Norte,0,137,0,1
2020-09-24,Del Norte,0,137,0,1
2020-09-25,Del Norte,1,138,0,1
2020-09-26,Del Norte,0,138,0,1
2020-09-27,Del Norte,0,138,0,1
2020-09-28,Del Norte,0,138,0,1
2020-09-29,Del Norte,4,142,0,1
2020-09-30,Del Norte,-2,140,0,1
2020-10-01,Del Norte,0,140,0,1
2020-10-02,Del Norte,1,141,0,1
2020-10-03,Del Norte,1,142,0,1
2020-10-04,Del Norte,0,142,0,1
2020-10-05,Del Norte,0,142,0,1
2020-10-06,Del Norte,2,144,0,1
2020-10-07,Del Norte,5,149,0,1
2020-10-08,Del Norte,2,151,0,1
2020-10-09,Del Norte,10,161,0,1
2020-10-10,Del Norte,0,161,0,1
2020-10-11,Del Norte,0,161,0,1
2020-10-12,Del Norte,0,161,0,1
2020-10-13,Del Norte,2,163,0,1
2020-10-14,Del Norte,0,163,0,1
2020-10-15,Del Norte,1,164,0,1
2020-10-16,Del Norte,2,166,0,1
2020-10-17,Del Norte,1,167,0,1
2020-10-18,Del Norte,0,167,0,1
2020-10-19,Del Norte,0,167,0,1
2020-10-20,Del Norte,2,169,0,1
2020-10-21,Del Norte,0,169,0,1
2020-10-22,Del Norte,-1,168,0,1
2020-10-23,Del Norte,3,171,0,1
2020-10-24,Del Norte,0,171,0,1
2020-10-25,Del Norte,0,171,0,1
2020-10-26,Del Norte,0,171,0,1
2020-10-27,Del Norte,2,173,0,1
2020-10-28,Del Norte,0,173,0,1
2020-10-29,Del Norte,1,174,0,1
2020-10-30,Del Norte,1,175,0,1
2020-10-31,Del Norte,0,175,0,1
2020-11-01,Del Norte,0,175,0,1
2020-11-02,Del Norte,0,175,0,1
2020-11-03,Del Norte,12,187,0,1
2020-11-04,Del Norte,1,188,0,1
2020-11-05,Del Norte,4,192,0,1
2020-11-06,Del Norte,2,194,0,1
2020-11-07,Del Norte,0,194,0,1
2020-11-08,Del Norte,1,195,0,1
2020-11-09,Del Norte,0,195,0,1
2020-11-10,Del Norte,1,196,0,1
2020-11-11,Del Norte,7,203,0,1
2020-11-12,Del Norte,0,203,0,1
2020-11-13,Del Norte,5,208,0,1
2020-11-14,Del Norte,11,219,0,1
2020-11-15,Del Norte,5,224,0,1
2020-11-16,Del Norte,1,225,0,1
2020-11-17,Del Norte,8,233,0,1
2020-11-18,Del Norte,7,240,0,1
2020-11-19,Del Norte,11,251,0,1
2020-11-20,Del Norte,13,264,0,1
2020-11-21,Del Norte,7,271,0,1
2020-11-22,Del Norte,0,271,0,1
2020-11-23,Del Norte,25,296,0,1
2020-11-24,Del Norte,2,298,0,1
2020-11-25,Del Norte,6,304,0,1
2020-11-26,Del Norte,3,307,0,1
2020-11-27,Del Norte,0,307,0,1
2020-11-28,Del Norte,21,328,0,1
2020-11-29,Del Norte,11,339,0,1
2020-11-30,Del Norte,0,339,0,1
2020-12-01,Del Norte,18,357,0,1
2020-12-02,Del Norte,27,384,0,1
2020-12-03,Del Norte,4,388,0,1
2020-12-04,Del Norte,13,401,0,1
2020-12-05,Del Norte,7,408,0,1
2020-12-06,Del Norte,6,414,0,1
2020-12-07,Del Norte,10,424,0,1
2020-12-08,Del Norte,41,465,0,1
2020-12-09,Del Norte,16,481,0,1
2020-12-10,Del Norte,20,501,0,1
2020-12-11,Del Norte,4,505,0,1
2020-12-12,Del Norte,24,529,0,1
2020-12-13,Del Norte,13,542,0,1
2020-12-14,Del Norte,18,560,1,2
2020-12-15,Del Norte,4,564,0,2
2020-12-16,Del Norte,11,575,0,2
2020-12-17,Del Norte,8,583,0,2
2020-12-18,Del Norte,44,627,0,2
2020-12-19,Del Norte,14,641,0,2
2020-12-20,Del Norte,11,652,0,2
2020-12-21,Del Norte,8,660,0,2
2020-12-22,Del Norte,6,666,0,2
2020-03-18,San Bernardino,3,3,0,0
2020-03-19,San Bernardino,4,7,0,0
2020-03-20,San Bernardino,2,9,0,0
2020-03-21,San Bernardino,4,13,0,0
2020-03-22,San Bernardino,3,16,0,0
2020-03-23,San Bernardino,1,17,0,0
2020-03-24,San Bernardino,10,27,0,0
2020-03-25,San Bernardino,19,46,1,1
2020-03-26,San Bernardino,11,57,0,1
2020-03-27,San Bernardino,20,77,1,2
2020-03-28,San Bernardino,4,81,0,2
2020-03-29,San Bernardino,13,94,0,2
2020-03-30,San Bernardino,51,145,2,4
2020-03-31,San Bernardino,48,193,1,5
2020-04-01,San Bernardino,52,245,0,5
2020-04-02,San Bernardino,90,335,3,8
2020-04-03,San Bernardino,21,356,3,11
2020-04-04,San Bernardino,17,373,2,13
2020-04-05,San Bernardino,2,375,0,13
2020-04-06,San Bernardino,175,550,0,13
2020-04-07,San Bernardino,4,554,5,18
2020-04-08,San Bernardino,81,635,4,22
2020-04-09,San Bernardino,82,717,5,27
2020-04-10,San Bernardino,62,779,-3,24
2020-04-11,San Bernardino,47,826,4,28
2020-04-12,San Bernardino,1,827,2,30
2020-04-13,San Bernardino,98,925,1,31
2020-04-14,San Bernardino,8,933,0,31
2020-04-15,San Bernardino,130,1063,6,37
2020-04-16,San Bernardino,80,1143,2,39
2020-04-17,San Bernardino,86,1229,16,55
2020-04-18,San Bernardino,26,1255,2,57
2020-04-19,San Bernardino,7,1262,1,58
2020-04-20,San Bernardino,82,1344,2,60
2020-04-21,San Bernardino,155,1499,7,67
2020-04-22,San Bernardino,65,1564,5,72
2020-04-23,San Bernardino,40,1604,5,77
2020-04-24,San Bernardino,63,1667,3,80
2020-04-25,San Bernardino,8,1675,2,82
2020-04-26,San Bernardino,6,1681,0,82
2020-04-27,San Bernardino,61,1742,0,82
2020-04-28,San Bernardino,149,1891,3,85
2020-04-29,San Bernardino,84,1975,6,91
2020-04-30,San Bernardino,45,2020,5,96
2020-05-01,San Bernardino,64,2084,2,98
2020-05-02,San Bernardino,40,2124,1,99
2020-05-03,San Bernardino,-1,2123,0,99
2020-05-04,San Bernardino,61,2184,0,99
2020-05-05,San Bernardino,161,2345,2,101
2020-05-06,San Bernardino,81,2426,3,104
2020-05-07,San Bernardino,96,2522,6,110
2020-05-08,San Bernardino,109,2631,9,119
2020-05-09,San Bernardino,194,2825,2,121
2020-05-10,San Bernardino,85,2910,0,121
2020-05-11,San Bernardino,35,2945,0,121
2020-05-12,San Bernardino,52,2997,3,124
2020-05-13,San Bernardino,67,3064,14,138
2020-05-14,San Bernardino,85,3149,2,140
2020-05-15,San Bernardino,76,3225,10,150
2020-05-16,San Bernardino,137,3362,5,155
2020-05-17,San Bernardino,105,3467,0,155
2020-05-18,San Bernardino,91,3558,0,155
2020-05-19,San Bernardino,98,3656,2,157
2020-05-20,San Bernardino,115,3771,1,158
2020-05-21,San Bernardino,179,3950,6,164
2020-05-22,San Bernardino,157,4107,9,173
2020-05-23,San Bernardino,65,4172,3,176
2020-05-24,San Bernardino,90,4262,0,176
2020-05-25,San Bernardino,131,4393,0,176
2020-05-26,San Bernardino,37,4430,0,176
2020-05-27,San Bernardino,278,4708,7,183
2020-05-28,San Bernardino,123,4831,7,190
2020-05-29,San Bernardino,152,4983,9,199
2020-05-30,San Bernardino,139,5122,5,204
2020-05-31,San Bernardino,63,5185,0,204
2020-06-01,San Bernardino,125,5310,0,204
2020-06-02,San Bernardino,128,5438,4,208
2020-06-03,San Bernardino,127,5565,1,209
2020-06-04,San Bernardino,161,5726,1,210
2020-06-05,San Bernardino,143,5869,7,217
2020-06-06,San Bernardino,77,5946,7,224
2020-06-07,San Bernardino,87,6033,0,224
2020-06-08,San Bernardino,89,6122,0,224
2020-06-09,San Bernardino,146,6268,0,224
2020-06-10,San Bernardino,170,6438,1,225
2020-06-11,San Bernardino,71,6509,2,227
2020-06-12,San Bernardino,198,6707,2,229
2020-06-13,San Bernardino,178,6885,0,229
2020-06-14,San Bernardino,130,7015,0,229
2020-06-15,San Bernardino,174,7189,0,229
2020-06-16,San Bernardino,274,7463,0,229
2020-06-17,San Bernardino,207,7670,0,229
2020-06-18,San Bernardino,471,8141,1,230
2020-06-19,San Bernardino,313,8454,0,230
2020-06-20,San Bernardino,264,8718,3,233
2020-06-21,San Bernardino,207,8925,0,233
2020-06-22,San Bernardino,208,9133,1,234
2020-06-23,San Bernardino,638,9771,0,234
2020-06-24,San Bernardino,440,10211,11,245
2020-06-25,San Bernardino,406,10617,4,249
2020-06-26,San Bernardino,545,11162,0,249
2020-06-27,San Bernardino,414,11576,0,249
2020-06-28,San Bernardino,32,11608,0,249
2020-06-29,San Bernardino,583,12191,0,249
2020-06-30,San Bernardino,402,12593,4,253
2020-07-01,San Bernardino,443,13036,5,258
2020-07-02,San Bernardino,149,13185,7,265
2020-07-03,San Bernardino,855,14040,4,269
2020-07-04,San Bernardino,596,14636,0,269
2020-07-05,San Bernardino,390,15026,0,269
2020-07-06,San Bernardino,320,15346,0,269
2020-07-07,San Bernardino,658,16004,3,272
2020-07-08,San Bernardino,506,16510,21,293
2020-07-09,San Bernardino,829,17339,11,304
2020-07-10,San Bernardino,903,18242,0,304
2020-07-11,San Bernardino,665,18907,0,304
2020-07-12,San Bernardino,135,19042,2,306
2020-07-13,San Bernardino,568,19610,1,307
2020-07-14,San Bernardino,879,20489,2,309
2020-07-15,San Bernardino,1019,21508,1,310
2020-07-16,San Bernardino,847,22355,0,310
2020-07-17,San Bernardino,702,23057,5,315
2020-07-18,San Bernardino,623,23680,13,328
2020-07-19,San Bernardino,248,23928,0,328
2020-07-20,San Bernardino,298,24226,1,329
2020-07-21,San Bernardino,1097,25323,4,333
2020-07-22,San Bernardino,1497,26820,4,337
2020-07-23,San Bernardino,1301,28121,21,358
2020-07-24,San Bernardino,869,28990,14,372
2020-07-25,San Bernardino,275,29265,0,372
2020-07-26,San Bernardino,280,29545,11,383
2020-07-27,San Bernardino,383,29928,1,384
2020-07-28,San Bernardino,565,30493,11,395
2020-07-29,San Bernardino,675,31168,24,419
2020-07-30,San Bernardino,842,32010,-16,403
2020-07-31,San Bernardino,322,32332,6,409
2020-08-01,San Bernardino,615,32947,8,417
2020-08-02,San Bernardino,696,33643,0,417
2020-08-03,San Bernardino,336,33979,1,418
2020-08-04,San Bernardino,236,34215,59,477
2020-08-05,San Bernardino,227,34442,10,487
2020-08-06,San Bernardino,377,34819,3,490
2020-08-07,San Bernardino,381,35200,7,497
2020-08-08,San Bernardino,491,35691,5,502
2020-08-09,San Bernardino,401,36092,44,546
2020-08-10,San Bernardino,1275,37367,0,546
2020-08-11,San Bernardino,1100,38467,3,549
2020-08-12,San Bernardino,344,38811,6,555
2020-08-13,San Bernardino,584,39395,3,558
2020-08-14,San Bernardino,1047,40442,3,561
2020-08-15,San Bernardino,789,41231,7,568
2020-08-16,San Bernardino,493,41724,0,568
2020-08-17,San Bernardino,281,42005,0,568
2020-08-18,San Bernardino,822,42827,48,616
2020-08-19,San Bernardino,397,43224,5,621
2020-08-20,San Bernardino,403,43627,4,625
2020-08-21,San Bernardino,622,44249,4,629
2020-08-22,San Bernardino,554,44803,62,691
2020-08-23,San Bernardino,207,45010,0,691
2020-08-24,San Bernardino,189,45199,1,692
2020-08-25,San Bernardino,345,45544,3,695
2020-08-26,San Bernardino,296,45840,14,709
2020-08-27,San Bernardino,505,46345,6,715
2020-08-28,San Bernardino,208,46553,1,716
2020-08-29,San Bernardino,296,46849,0,716
2020-08-30,San Bernardino,352,47201,0,716
2020-08-31,San Bernardino,169,47370,0,716
2020-09-01,San Bernardino,1,47371,20,736
2020-09-02,San Bernardino,395,47766,7,743
2020-09-03,San Bernardino,399,48165,1,744
2020-09-04,San Bernardino,332,48497,0,744
2020-09-05,San Bernardino,303,48800,21,765
2020-09-06,San Bernardino,123,48923,0,765
2020-09-07,San Bernardino,120,49043,0,765
2020-09-08,San Bernardino,-9,49034,0,765
2020-09-09,San Bernardino,230,49264,26,791
2020-09-10,San Bernardino,203,49467,5,796
2020-09-11,San Bernardino,215,49682,4,800
2020-09-12,San Bernardino,263,49945,14,814
2020-09-13,San Bernardino,23,49968,18,832
2020-09-14,San Bernardino,195,50163,0,832
2020-09-15,San Bernardino,170,50333,3,835
2020-09-16,San Bernardino,176,50509,3,838
2020-09-17,San Bernardino,261,50770,1,839
2020-09-18,San Bernardino,336,51106,19,858
2020-09-19,San Bernardino,247,51353,50,908
2020-09-20,San Bernardino,206,51559,0,908
2020-09-21,San Bernardino,95,51654,0,908
2020-09-22,San Bernardino,245,51899,0,908
2020-09-23,San Bernardino,233,52132,0,908
2020-09-24,San Bernardino,323,52455,10,918
2020-09-25,San Bernardino,359,52814,4,922
2020-09-26,San Bernardino,308,53122,3,925
2020-09-27,San Bernardino,5,53127,0,925
2020-09-28,San Bernardino,374,53501,0,925
2020-09-29,San Bernardino,252,53753,27,952
2020-09-30,San Bernardino,235,53988,3,955
2020-10-01,San Bernardino,362,54350,0,955
2020-10-02,San Bernardino,263,54613,7,962
2020-10-03,San Bernardino,391,55004,0,962
2020-10-04,San Bernardino,96,55100,0,962
2020-10-05,San Bernardino,0,55100,0,962
2020-10-06,San Bernardino,316,55416,4,966
2020-10-07,San Bernardino,322,55738,1,967
2020-10-08,San Bernardino,414,56152,7,974
2020-10-09,San Bernardino,282,56434,10,984
2020-10-10,San Bernardino,249,56683,2,986
2020-10-11,San Bernardino,314,56997,0,986
2020-10-12,San Bernardino,238,57235,0,986
2020-10-13,San Bernardino,176,57411,0,986
2020-10-14,San Bernardino,363,57774,0,986
2020-10-15,San Bernardino,294,58068,2,988
2020-10-16,San Bernardino,165,58233,1,989
2020-10-17,San Bernardino,182,58415,9,998
2020-10-18,San Bernardino,478,58893,23,1021
2020-10-19,San Bernardino,372,59265,0,1021
2020-10-20,San Bernardino,306,59571,7,1028
2020-10-21,San Bernardino,377,59948,37,1065
2020-10-22,San Bernardino,454,60402,5,1070
2020-10-23,San Bernardino,452,60854,0,1070
2020-10-24,San Bernardino,497,61351,2,1072
2020-10-25,San Bernardino,200,61551,0,1072
2020-10-26,San Bernardino,320,61871,0,1072
2020-10-27,San Bernardino,486,62357,1,1073
2020-10-28,San Bernardino,421,62778,0,1073
2020-10-29,San Bernardino,190,62968,0,1073
2020-10-30,San Bernardino,544,63512,1,1074
2020-10-31,San Bernardino,504,64016,4,1078
2020-11-01,San Bernardino,323,64339,0,1078
2020-11-02,San Bernardino,290,64629,1,1079
2020-11-03,San Bernardino,691,65320,0,1079
2020-11-04,San Bernardino,571,65891,9,1088
2020-11-05,San Bernardino,516,66407,4,1092
2020-11-06,San Bernardino,333,66740,0,1092
2020-11-07,San Bernardino,988,67728,1,1093
2020-11-08,San Bernardino,684,68412,3,1096
2020-11-09,San Bernardino,603,69015,0,1096
2020-11-10,San Bernardino,651,69666,0,1096
2020-11-11,San Bernardino,708,70374,0,1096
2020-11-12,San Bernardino,384,70758,0,1096
2020-11-13,San Bernardino,1137,71895,1,1097
2020-11-14,San Bernardino,973,72868,0,1097
2020-11-15,San Bernardino,901,73769,0,1097
2020-11-16,San Bernardino,632,74401,1,1098
2020-11-17,San Bernardino,1733,76134,0,1098
2020-11-18,San Bernardino,1266,77400,20,1118
2020-11-19,San Bernardino,1844,79244,6,1124
2020-11-20,San Bernardino,1959,81203,1,1125
2020-11-21,San Bernardino,2003,83206,2,1127
2020-11-22,San Bernardino,299,83505,2,1129
2020-11-23,San Bernardino,882,84387,0,1129
2020-11-24,San Bernardino,2258,86645,0,1129
2020-11-25,San Bernardino,1824,88469,0,1129
2020-11-26,San Bernardino,1258,89727,0,1129
2020-11-27,San Bernardino,527,90254,0,1129
2020-11-28,San Bernardino,929,91183,0,1129
2020-11-29,San Bernardino,869,92052,0,1129
2020-11-30,San Bernardino,652,92704,0,1129
2020-12-01,San Bernardino,3150,95854,0,1129
2020-12-02,San Bernardino,2713,98567,7,1136
2020-12-03,San Bernardino,2220,100787,18,1154
2020-12-04,San Bernardino,1631,102418,21,1175
2020-12-05,San Bernardino,2964,105382,0,1175
2020-12-06,San Bernardino,1545,106927,0,1175
2020-12-07,San Bernardino,1234,108161,13,1188
2020-12-08,San Bernardino,2515,110676,0,1188
2020-12-09,San Bernardino,3840,114516,20,1208
2020-12-10,San Bernardino,5670,120186,1,1209
2020-12-11,San Bernardino,2906,123092,0,1209
2020-12-12,San Bernardino,2649,125741,6,1215
2020-12-13,San Bernardino,977,126718,8,1223
2020-12-14,San Bernardino,2433,129151,18,1241
2020-12-15,San Bernardino,8397,137548,0,1241
2020-12-16,San Bernardino,6017,143565,63,1304
2020-12-17,San Bernardino,6273,149838,19,1323
2020-12-18,San Bernardino,4434,154272,0,1323
2020-12-19,San Bernardino,5611,159883,4,1327
2020-12-20,San Bernardino,2927,162810,0,1327
2020-12-21,San Bernardino,2276,165086,48,1375
2020-12-22,San Bernardino,4180,169266,12,1387
2020-03-18,Stanislaus,5,5,0,0
2020-03-19,Stanislaus,2,7,0,0
2020-03-20,Stanislaus,0,7,0,0
2020-03-21,Stanislaus,0,7,0,0
2020-03-22,Stanislaus,1,8,0,0
2020-03-23,Stanislaus,2,10,0,0
2020-03-24,Stanislaus,3,13,0,0
2020-03-25,Stanislaus,1,14,0,0
2020-03-26,Stanislaus,1,15,0,0
2020-03-27,Stanislaus,1,16,0,0
2020-03-28,Stanislaus,1,17,0,0
2020-03-29,Stanislaus,2,19,0,0
2020-03-30,Stanislaus,9,28,0,0
2020-03-31,Stanislaus,0,28,0,0
2020-04-01,Stanislaus,1,29,0,0
2020-04-02,Stanislaus,11,40,0,0
2020-04-03,Stanislaus,8,48,0,0
2020-04-04,Stanislaus,3,51,0,0
2020-04-05,Stanislaus,0,51,0,0
2020-04-06,Stanislaus,21,72,0,0
2020-04-07,Stanislaus,11,83,0,0
2020-04-08,Stanislaus,3,86,0,0
2020-04-09,Stanislaus,7,93,0,0
2020-04-10,Stanislaus,8,101,0,0
2020-04-11,Stanislaus,18,119,1,1
2020-04-12,Stanislaus,-2,117,0,1
2020-04-13,Stanislaus,15,132,1,2
2020-04-14,Stanislaus,4,136,2,4
2020-04-15,Stanislaus,38,174,0,4
2020-04-16,Stanislaus,11,185,0,4
2020-04-17,Stanislaus,16,201,0,4
2020-04-18,Stanislaus,15,216,0,4
2020-04-19,Stanislaus,5,221,0,4
2020-04-20,Stanislaus,7,228,0,4
2020-04-21,Stanislaus,7,235,0,4
2020-04-22,Stanislaus,12,247,1,5
2020-04-23,Stanislaus,7,254,0,5
2020-04-24,Stanislaus,19,273,0,5
2020-04-25,Stanislaus,3,276,0,5
2020-04-26,Stanislaus,18,294,0,5
2020-04-27,Stanislaus,22,316,3,8
2020-04-28,Stanislaus,14,330,2,10
2020-04-29,Stanislaus,44,374,1,11
2020-04-30,Stanislaus,4,378,0,11
2020-05-01,Stanislaus,6,384,2,13
2020-05-02,Stanislaus,4,388,1,14
2020-05-03,Stanislaus,23,411,0,14
2020-05-04,Stanislaus,11,422,1,15
2020-05-05,Stanislaus,8,430,0,15
2020-05-06,Stanislaus,4,434,2,17
2020-05-07,Stanislaus,32,466,2,19
2020-05-08,Stanislaus,21,487,0,19
2020-05-09,Stanislaus,4,491,1,20
2020-05-10,Stanislaus,7,498,1,21
2020-05-11,Stanislaus,9,507,0,21
2020-05-12,Stanislaus,8,515,1,22
2020-05-13,Stanislaus,6,521,1,23
2020-05-14,Stanislaus,12,533,0,23
2020-05-15,Stanislaus,7,540,1,24
2020-05-16,Stanislaus,6,546,0,24
2020-05-17,Stanislaus,20,566,0,24
2020-05-18,Stanislaus,6,572,2,26
2020-05-19,Stanislaus,10,582,0,26
2020-05-20,Stanislaus,2,584,0,26
2020-05-21,Stanislaus,18,602,2,28
2020-05-22,Stanislaus,14,616,0,28
2020-05-23,Stanislaus,9,625,0,28
2020-05-24,Stanislaus,9,634,0,28
2020-05-25,Stanislaus,17,651,0,28
2020-05-26,Stanislaus,12,663,0,28
2020-05-27,Stanislaus,12,675,0,28
2020-05-28,Stanislaus,9,684,0,28
2020-05-29,Stanislaus,14,698,0,28
2020-05-30,Stanislaus,14,712,0,28
2020-05-31,Stanislaus,26,738,1,29
2020-06-01,Stanislaus,20,758,0,29
2020-06-02,Stanislaus,14,772,1,30
2020-06-03,Stanislaus,8,780,0,30
2020-06-04,Stanislaus,26,806,1,31
2020-06-05,Stanislaus,36,842,0,31
2020-06-06,Stanislaus,16,858,2,33
2020-06-07,Stanislaus,47,905,0,33
2020-06-08,Stanislaus,51,956,0,33
2020-06-09,Stanislaus,37,993,0,33
2020-06-10,Stanislaus,37,1030,0,33
2020-06-11,Stanislaus,32,1062,0,33
2020-06-12,Stanislaus,30,1092,0,33
2020-06-13,Stanislaus,30,1122,1,34
2020-06-14,Stanislaus,37,1159,0,34
2020-06-15,Stanislaus,94,1253,1,35
2020-06-16,Stanislaus,25,1278,0,35
2020-06-17,Stanislaus,109,1387,1,36
2020-06-18,Stanislaus,108,1495,0,36
2020-06-19,Stanislaus,54,1549,0,36
2020-06-20,Stanislaus,49,1598,-1,35
2020-06-21,Stanislaus,90,1688,0,35
2020-06-22,Stanislaus,96,1784,2,37
2020-06-23,Stanislaus,66,1850,0,37
2020-06-24,Stanislaus,189,2039,1,38
2020-06-25,Stanislaus,95,2134,0,38
2020-06-26,Stanislaus,33,2167,0,38
2020-06-27,Stanislaus,95,2262,3,41
2020-06-28,Stanislaus,172,2434,0,41
2020-06-29,Stanislaus,84,2518,1,42
2020-06-30,Stanislaus,87,2605,2,44
2020-07-01,Stanislaus,236,2841,0,44
2020-07-02,Stanislaus,9,2850,0,44
2020-07-03,Stanislaus,171,3021,0,44
2020-07-04,Stanislaus,551,3572,0,44
2020-07-05,Stanislaus,205,3777,1,45
2020-07-06,Stanislaus,206,3983,0,45
2020-07-07,Stanislaus,118,4101,0,45
2020-07-08,Stanislaus,243,4344,5,50
2020-07-09,Stanislaus,289,4633,0,50
2020-07-10,Stanislaus,148,4781,1,51
2020-07-11,Stanislaus,130,4911,0,51
2020-07-12,Stanislaus,266,5177,0,51
2020-07-13,Stanislaus,147,5324,0,51
2020-07-14,Stanislaus,307,5631,6,57
2020-07-15,Stanislaus,146,5777,4,61
2020-07-16,Stanislaus,300,6077,0,61
2020-07-17,Stanislaus,143,6220,2,63
2020-07-18,Stanislaus,124,6344,0,63
2020-07-19,Stanislaus,164,6508,0,63
2020-07-20,Stanislaus,327,6835,8,71
2020-07-21,Stanislaus,149,6984,2,73
2020-07-22,Stanislaus,417,7401,4,77
2020-07-23,Stanislaus,202,7603,2,79
2020-07-24,Stanislaus,258,7861,7,86
2020-07-25,Stanislaus,133,7994,1,87
2020-07-26,Stanislaus,234,8228,3,90
2020-07-27,Stanislaus,60,8288,0,90
2020-07-28,Stanislaus,204,8492,8,98
2020-07-29,Stanislaus,253,8745,5,103
2020-07-30,Stanislaus,145,8890,1,104
2020-07-31,Stanislaus,171,9061,0,104
2020-08-01,Stanislaus,160,9221,6,110
2020-08-02,Stanislaus,56,9277,2,112
2020-08-03,Stanislaus,31,9308,14,126
2020-08-04,Stanislaus,51,9359,9,135
2020-08-05,Stanislaus,49,9408,10,145
2020-08-06,Stanislaus,158,9566,6,151
2020-08-07,Stanislaus,99,9665,10,161
2020-08-08,Stanislaus,298,9963,1,162
2020-08-09,Stanislaus,301,10264,1,163
2020-08-10,Stanislaus,591,10855,6,169
2020-08-11,Stanislaus,737,11592,8,177
2020-08-12,Stanislaus,90,11682,5,182
2020-08-13,Stanislaus,271,11953,5,187
2020-08-14,Stanislaus,426,12379,8,195
2020-08-15,Stanislaus,162,12541,3,198
2020-08-16,Stanislaus,127,12668,0,198
2020-08-17,Stanislaus,77,12745,2,200
2020-08-18,Stanislaus,190,12935,3,203
2020-08-19,Stanislaus,149,13084,9,212
2020-08-20,Stanislaus,36,13120,11,223
2020-08-21,Stanislaus,162,13282,3,226
2020-08-22,Stanislaus,98,13380,2,228
2020-08-23,Stanislaus,103,13483,1,229
2020-08-24,Stanislaus,38,13521,3,232
2020-08-25,Stanislaus,365,13886,5,237
2020-08-26,Stanislaus,78,13964,3,240
2020-08-27,Stanislaus,116,14080,5,245
2020-08-28,Stanislaus,96,14176,8,253
2020-08-29,Stanislaus,303,14479,0,253
2020-08-30,Stanislaus,101,14580,2,255
2020-08-31,Stanislaus,105,14685,3,258
2020-09-01,Stanislaus,99,14784,4,262
2020-09-02,Stanislaus,70,14854,5,267
2020-09-03,Stanislaus,131,14985,6,273
2020-09-04,Stanislaus,89,15074,9,282
2020-09-05,Stanislaus,124,15198,0,282
2020-09-06,Stanislaus,90,15288,7,289
2020-09-07,Stanislaus,55,15343,1,290
2020-09-08,Stanislaus,72,15415,5,295
2020-09-09,Stanislaus,54,15469,4,299
2020-09-10,Stanislaus,40,15509,4,303
2020-09-11,Stanislaus,104,15613,7,310
2020-09-12,Stanislaus,62,15675,0,310
2020-09-13,Stanislaus,84,15759,0,310
2020-09-14,Stanislaus,53,15812,0,310
2020-09-15,Stanislaus,68,15880,7,317
2020-09-16,Stanislaus,17,15897,4,321
2020-09-17,Stanislaus,87,15984,4,325
2020-09-18,Stanislaus,58,16042,4,329
2020-09-19,Stanislaus,67,16109,3,332
2020-09-20,Stanislaus,50,16159,3,335
2020-09-21,Stanislaus,27,16186,2,337
2020-09-22,Stanislaus,45,16231,2,339
2020-09-23,Stanislaus,40,16271,3,342
2020-09-24,Stanislaus,55,16326,3,345
2020-09-25,Stanislaus,55,16381,0,345
2020-09-26,Stanislaus,40,16421,6,351
2020-09-27,Stanislaus,27,16448,3,354
2020-09-28,Stanislaus,19,16467,2,356
2020-09-29,Stanislaus,38,16505,3,359
2020-09-30,Stanislaus,26,16531,0,359
2020-10-01,Stanislaus,24,16555,3,362
2020-10-02,Stanislaus,54,16609,6,368
2020-10-03,Stanislaus,36,16645,0,368
2020-10-04,Stanislaus,66,16711,4,372
2020-10-05,Stanislaus,19,16730,2,374
2020-10-06,Stanislaus,29,16759,3,377
2020-10-07,Stanislaus,27,16786,2,379
2020-10-08,Stanislaus,35,16821,2,381
2020-10-09,Stanislaus,83,16904,0,381
2020-10-10,Stanislaus,56,16960,0,381
2020-10-11,Stanislaus,47,17007,4,385
2020-10-12,Stanislaus,44,17051,0,385
2020-10-13,Stanislaus,31,17082,2,387
2020-10-14,Stanislaus,23,17105,1,388
2020-10-15,Stanislaus,46,17151,1,389
2020-10-16,Stanislaus,50,17201,2,391
2020-10-17,Stanislaus,31,17232,0,391
2020-10-18,Stanislaus,58,17290,0,391
2020-10-19,Stanislaus,52,17342,1,392
2020-10-20,Stanislaus,25,17367,0,392
2020-10-21,Stanislaus,52,17419,1,393
2020-10-22,Stanislaus,21,17440,1,394
2020-10-23,Stanislaus,56,17496,2,396
2020-10-24,Stanislaus,78,17574,0,396
2020-10-25,Stanislaus,67,17641,0,396
2020-10-26,Stanislaus,25,17666,1,397
2020-10-27,Stanislaus,54,17720,1,398
2020-10-28,Stanislaus,45,17765,1,399
2020-10-29,Stanislaus,25,17790,1,400
2020-10-30,Stanislaus,71,17861,0,400
2020-10-31,Stanislaus,59,17920,1,401
2020-11-01,Stanislaus,41,17961,0,401
2020-11-02,Stanislaus,44,18005,0,401
2020-11-03,Stanislaus,75,18080,2,403
2020-11-04,Stanislaus,34,18114,0,403
2020-11-05,Stanislaus,80,18194,2,405
2020-11-06,Stanislaus,56,18250,2,407
2020-11-07,Stanislaus,87,18337,0,407
2020-11-08,Stanislaus,76,18413,0,407
2020-11-09,Stanislaus,69,18482,0,407
2020-11-10,Stanislaus,110,18592,2,409
2020-11-11,Stanislaus,79,18671,1,410
2020-11-12,Stanislaus,116,18787,0,410
2020-11-13,Stanislaus,149,18936,1,411
2020-11-14,Stanislaus,132,19068,0,411
2020-11-15,Stanislaus,160,19228,0,411
2020-11-16,Stanislaus,105,19333,1,412
2020-11-17,Stanislaus,133,19466,1,413
2020-11-18,Stanislaus,143,19609,0,413
2020-11-19,Stanislaus,127,19736,2,415
2020-11-20,Stanislaus,153,19889,1,416
2020-11-21,Stanislaus,222,20111,0,416
2020-11-22,Stanislaus,112,20223,0,416
2020-11-23,Stanislaus,264,20487,2,418
2020-11-24,Stanislaus,343,20830,2,420
2020-11-25,Stanislaus,192,21022,2,422
2020-11-26,Stanislaus,164,21186,0,422
2020-11-27,Stanislaus,-1,21185,2,424
2020-11-28,Stanislaus,389,21574,0,424
2020-11-29,Stanislaus,127,21701,0,424
2020-11-30,Stanislaus,409,22110,2,426
2020-12-01,Stanislaus,241,22351,2,428
2020-12-02,Stanislaus,264,22615,0,428
2020-12-03,Stanislaus,206,22821,5,433
2020-12-04,Stanislaus,385,23206,3,436
2020-12-05,Stanislaus,456,23662,0,436
2020-12-06,Stanislaus,374,24036,3,439
2020-12-07,Stanislaus,443,24479,7,446
2020-12-08,Stanislaus,314,24793,4,450
2020-12-09,Stanislaus,364,25157,4,454
2020-12-10,Stanislaus,425,25582,4,458
2020-12-11,Stanislaus,346,25928,0,458
2020-12-12,Stanislaus,318,26246,10,468
2020-12-13,Stanislaus,323,26569,5,473
2020-12-14,Stanislaus,742,27311,5,478
2020-12-15,Stanislaus,512,27823,5,483
2020-12-16,Stanislaus,456,28279,-15,468
2020-12-17,Stanislaus,303,28582,31,499
2020-12-18,Stanislaus,385,28967,10,509
2020-12-19,Stanislaus,588,29555,8,517
2020-12-20,Stanislaus,440,29995,6,523
2020-12-21,Stanislaus,442,30437,10,533
2020-12-22,Stanislaus,477,30914,11,544
2020-03-18,Humboldt,1,1,0,0
2020-03-19,Humboldt,0,1,0,0
2020-03-20,Humboldt,0,1,0,0
2020-03-21,Humboldt,0,1,0,0
2020-03-22,Humboldt,0,1,0,0
2020-03-23,Humboldt,1,2,0,0
2020-03-24,Humboldt,0,2,0,0
2020-03-25,Humboldt,1,3,0,0
2020-03-26,Humboldt,5,8,0,0
2020-03-27,Humboldt,1,9,0,0
2020-03-28,Humboldt,0,9,0,0
2020-03-29,Humboldt,0,9,0,0
2020-03-30,Humboldt,2,11,0,0
2020-03-31,Humboldt,7,18,0,0
2020-04-01,Humboldt,1,19,0,0
2020-04-02,Humboldt,4,23,0,0
2020-04-03,Humboldt,11,34,0,0
2020-04-04,Humboldt,-5,29,0,0
2020-04-05,Humboldt,0,29,0,0
2020-04-06,Humboldt,8,37,0,0
2020-04-07,Humboldt,3,40,0,0
2020-04-08,Humboldt,0,40,0,0
2020-04-09,Humboldt,-4,36,0,0
2020-04-10,Humboldt,0,36,0,0
2020-04-11,Humboldt,2,38,0,0
2020-04-12,Humboldt,5,43,0,0
2020-04-13,Humboldt,1,44,0,0
2020-04-14,Humboldt,0,44,0,0
2020-04-15,Humboldt,3,47,0,0
2020-04-16,Humboldt,0,47,0,0
2020-04-17,Humboldt,5,52,0,0
2020-04-18,Humboldt,0,52,0,0
2020-04-19,Humboldt,1,53,0,0
2020-04-20,Humboldt,0,53,0,0
2020-04-21,Humboldt,0,53,0,0
2020-04-22,Humboldt,0,53,0,0
2020-04-23,Humboldt,0,53,0,0
2020-04-24,Humboldt,0,53,0,0
2020-04-25,Humboldt,0,53,0,0
2020-04-26,Humboldt,0,53,0,0
2020-04-27,Humboldt,-1,52,0,0
2020-04-28,Humboldt,1,53,0,0
2020-04-29,Humboldt,0,53,0,0
2020-04-30,Humboldt,1,54,0,0
2020-05-01,Humboldt,0,54,0,0
2020-05-02,Humboldt,0,54,0,0
2020-05-03,Humboldt,0,54,0,0
2020-05-04,Humboldt,0,54,0,0
2020-05-05,Humboldt,0,54,0,0
2020-05-06,Humboldt,0,54,0,0
2020-05-07,Humboldt,0,54,0,0
2020-05-08,Humboldt,0,54,0,0
2020-05-09,Humboldt,1,55,0,0
2020-05-10,Humboldt,1,56,0,0
2020-05-11,Humboldt,0,56,0,0
2020-05-12,Humboldt,2,58,0,0
2020-05-13,Humboldt,0,58,0,0
2020-05-14,Humboldt,1,59,0,0
2020-05-15,Humboldt,1,60,0,0
2020-05-16,Humboldt,9,69,0,0
2020-05-17,Humboldt,1,70,0,0
2020-05-18,Humboldt,0,70,0,0
2020-05-19,Humboldt,2,72,0,0
2020-05-20,Humboldt,1,73,0,0
2020-05-21,Humboldt,6,79,0,0
2020-05-22,Humboldt,1,80,2,2
2020-05-23,Humboldt,0,80,0,2
2020-05-24,Humboldt,1,81,0,2
2020-05-25,Humboldt,0,81,0,2
2020-05-26,Humboldt,0,81,0,2
2020-05-27,Humboldt,5,86,0,2
2020-05-28,Humboldt,11,97,1,3
2020-05-29,Humboldt,1,98,0,3
2020-05-30,Humboldt,0,98,0,3
2020-05-31,Humboldt,0,98,0,3
2020-06-01,Humboldt,0,98,0,3
2020-06-02,Humboldt,3,101,0,3
2020-06-03,Humboldt,2,103,1,4
2020-06-04,Humboldt,6,109,0,4
2020-06-05,Humboldt,2,111,0,4
2020-06-06,Humboldt,1,112,0,4
2020-06-07,Humboldt,0,112,0,4
2020-06-08,Humboldt,0,112,0,4
2020-06-09,Humboldt,1,113,0,4
2020-06-10,Humboldt,-1,112,0,4
2020-06-11,Humboldt,1,113,0,4
2020-06-12,Humboldt,-8,105,0,4
2020-06-13,Humboldt,-1,104,0,4
2020-06-14,Humboldt,1,105,0,4
2020-06-15,Humboldt,0,105,0,4
2020-06-16,Humboldt,0,105,0,4
2020-06-17,Humboldt,0,105,0,4
2020-06-18,Humboldt,1,106,0,4
2020-06-19,Humboldt,0,106,0,4
2020-06-20,Humboldt,2,108,0,4
2020-06-21,Humboldt,0,108,0,4
2020-06-22,Humboldt,2,110,0,4
2020-06-23,Humboldt,0,110,0,4
2020-06-24,Humboldt,7,117,0,4
2020-06-25,Humboldt,4,121,0,4
2020-06-26,Humboldt,5,126,0,4
2020-06-27,Humboldt,1,127,0,4
2020-06-28,Humboldt,1,128,0,4
2020-06-29,Humboldt,2,130,0,4
2020-06-30,Humboldt,3,133,0,4
2020-07-01,Humboldt,1,134,0,4
2020-07-02,Humboldt,4,138,0,4
2020-07-03,Humboldt,5,143,0,4
2020-07-04,Humboldt,1,144,0,4
2020-07-05,Humboldt,3,147,0,4
2020-07-06,Humboldt,1,148,0,4
2020-07-07,Humboldt,2,150,0,4
2020-07-08,Humboldt,12,162,0,4
2020-07-09,Humboldt,4,166,0,4
2020-07-10,Humboldt,2,168,0,4
2020-07-11,Humboldt,6,174,0,4
2020-07-12,Humboldt,0,174,0,4
2020-07-13,Humboldt,0,174,0,4
2020-07-14,Humboldt,1,175,0,4
2020-07-15,Humboldt,6,181,0,4
2020-07-16,Humboldt,3,184,0,4
2020-07-17,Humboldt,1,185,0,4
2020-07-18,Humboldt,4,189,0,4
2020-07-19,Humboldt,6,195,0,4
2020-07-20,Humboldt,-1,194,0,4
2020-07-21,Humboldt,4,198,0,4
2020-07-22,Humboldt,3,201,0,4
2020-07-23,Humboldt,7,208,0,4
2020-07-24,Humboldt,2,210,0,4
2020-07-25,Humboldt,2,212,0,4
2020-07-26,Humboldt,2,214,0,4
2020-07-27,Humboldt,4,218,0,4
2020-07-28,Humboldt,0,218,0,4
2020-07-29,Humboldt,3,221,0,4
2020-07-30,Humboldt,7,228,0,4
2020-07-31,Humboldt,1,229,0,4
2020-08-01,Humboldt,3,232,0,4
2020-08-02,Humboldt,0,232,0,4
2020-08-03,Humboldt,2,234,0,4
2020-08-04,Humboldt,7,241,0,4
2020-08-05,Humboldt,8,249,0,4
2020-08-06,Humboldt,17,266,0,4
2020-08-07,Humboldt,8,274,0,4
2020-08-08,Humboldt,3,277,0,4
2020-08-09,Humboldt,2,279,0,4
2020-08-10,Humboldt,-2,277,0,4
2020-08-11,Humboldt,6,283,0,4
2020-08-12,Humboldt,-2,281,0,4
2020-08-13,Humboldt,0,281,0,4
2020-08-14,Humboldt,13,294,0,4
2020-08-15,Humboldt,7,301,0,4
2020-08-16,Humboldt,0,301,0,4
2020-08-17,Humboldt,1,302,0,4
2020-08-18,Humboldt,13,315,0,4
2020-08-19,Humboldt,1,316,0,4
2020-08-20,Humboldt,2,318,0,4
2020-08-21,Humboldt,13,331,0,4
2020-08-22,Humboldt,3,334,0,4
2020-08-23,Humboldt,7,341,0,4
2020-08-24,Humboldt,-1,340,0,4
2020-08-25,Humboldt,2,342,0,4
2020-08-26,Humboldt,15,357,0,4
2020-08-27,Humboldt,1,358,0,4
2020-08-28,Humboldt,4,362,0,4
2020-08-29,Humboldt,1,363,0,4
2020-08-30,Humboldt,-1,362,0,4
2020-08-31,Humboldt,12,374,0,4
2020-09-01,Humboldt,4,378,0,4
2020-09-02,Humboldt,3,381,0,4
2020-09-03,Humboldt,9,390,0,4
2020-09-04,Humboldt,0,390,0,4
2020-09-05,Humboldt,12,402,0,4
2020-09-06,Humboldt,2,404,0,4
2020-09-07,Humboldt,12,416,0,4
2020-09-08,Humboldt,4,420,0,4
2020-09-09,Humboldt,0,420,0,4
2020-09-10,Humboldt,2,422,0,4
2020-09-11,Humboldt,4,426,1,5
2020-09-12,Humboldt,4,430,0,5
2020-09-13,Humboldt,4,434,0,5
2020-09-14,Humboldt,3,437,1,6
2020-09-15,Humboldt,19,456,0,6
2020-09-16,Humboldt,-1,455,0,6
2020-09-17,Humboldt,11,466,0,6
2020-09-18,Humboldt,4,470,0,6
2020-09-19,Humboldt,1,471,0,6
2020-09-20,Humboldt,1,472,0,6
2020-09-21,Humboldt,1,473,0,6
2020-09-22,Humboldt,3,476,0,6
2020-09-23,Humboldt,1,477,0,6
2020-09-24,Humboldt,5,482,1,7
2020-09-25,Humboldt,7,489,0,7
2020-09-26,Humboldt,2,491,0,7
2020-09-27,Humboldt,1,492,0,7
2020-09-28,Humboldt,3,495,1,8
2020-09-29,Humboldt,2,497,0,8
2020-09-30,Humboldt,0,497,0,8
2020-10-01,Humboldt,2,499,0,8
2020-10-02,Humboldt,4,503,0,8
2020-10-03,Humboldt,1,504,0,8
2020-10-04,Humboldt,2,506,0,8
2020-10-05,Humboldt,0,506,0,8
2020-10-06,Humboldt,2,508,0,8
2020-10-07,Humboldt,4,512,0,8
2020-10-08,Humboldt,3,515,0,8
2020-10-09,Humboldt,1,516,0,8
2020-10-10,Humboldt,2,518,0,8
2020-10-11,Humboldt,3,521,0,8
2020-10-12,Humboldt,1,522,0,8
2020-10-13,Humboldt,1,523,0,8
2020-10-14,Humboldt,8,531,0,8
2020-10-15,Humboldt,0,531,0,8
2020-10-16,Humboldt,2,533,0,8
2020-10-17,Humboldt,2,535,0,8
2020-10-18,Humboldt,5,540,0,8
2020-10-19,Humboldt,3,543,1,9
2020-10-20,Humboldt,2,545,0,9
2020-10-21,Humboldt,3,548,0,9
2020-10-22,Humboldt,0,548,0,9
2020-10-23,Humboldt,5,553,0,9
2020-10-24,Humboldt,0,553,0,9
2020-10-25,Humboldt,1,554,0,9
2020-10-26,Humboldt,0,554,1,10
2020-10-27,Humboldt,5,559,0,10
2020-10-28,Humboldt,0,559,0,10
2020-10-29,Humboldt,0,559,0,10
2020-10-30,Humboldt,2,561,0,10
2020-10-31,Humboldt,0,561,0,10
2020-11-01,Humboldt,7,568,0,10
2020-11-02,Humboldt,1,569,0,10
2020-11-03,Humboldt,1,570,0,10
2020-11-04,Humboldt,1,571,0,10
2020-11-05,Humboldt,10,581,0,10
2020-11-06,Humboldt,6,587,0,10
2020-11-07,Humboldt,3,590,0,10
2020-11-08,Humboldt,15,605,0,10
2020-11-09,Humboldt,2,607,0,10
2020-11-10,Humboldt,3,610,0,10
2020-11-11,Humboldt,13,623,0,10
2020-11-12,Humboldt,2,625,0,10
2020-11-13,Humboldt,13,638,0,10
2020-11-14,Humboldt,5,643,0,10
2020-11-15,Humboldt,10,653,0,10
2020-11-16,Humboldt,7,660,0,10
2020-11-17,Humboldt,25,685,-1,9
2020-11-18,Humboldt,5,690,0,9
2020-11-19,Humboldt,3,693,0,9
2020-11-20,Humboldt,21,714,0,9
2020-11-21,Humboldt,14,728,0,9
2020-11-22,Humboldt,1,729,0,9
2020-11-23,Humboldt,17,746,0,9
2020-11-24,Humboldt,28,774,0,9
2020-11-25,Humboldt,3,777,0,9
2020-11-26,Humboldt,18,795,0,9
2020-11-27,Humboldt,0,795,0,9
2020-11-28,Humboldt,49,844,0,9
2020-11-29,Humboldt,12,856,0,9
2020-11-30,Humboldt,14,870,0,9
2020-12-01,Humboldt,16,886,0,9
2020-12-02,Humboldt,13,899,0,9
2020-12-03,Humboldt,24,923,0,9
2020-12-04,Humboldt,37,960,0,9
2020-12-05,Humboldt,19,979,0,9
2020-12-06,Humboldt,25,1004,0,9
2020-12-07,Humboldt,19,1023,0,9
2020-12-08,Humboldt,36,1059,0,9
2020-12-09,Humboldt,27,1086,1,10
2020-12-10,Humboldt,54,1140,0,10
2020-12-11,Humboldt,50,1190,0,10
2020-12-12,Humboldt,18,1208,0,10
2020-12-13,Humboldt,30,1238,0,10
2020-12-14,Humboldt,18,1256,2,12
2020-12-15,Humboldt,20,1276,1,13
2020-12-16,Humboldt,32,1308,1,14
2020-12-17,Humboldt,14,1322,1,15
2020-12-18,Humboldt,9,1331,0,15
2020-12-19,Humboldt,26,1357,0,15
2020-12-20,Humboldt,29,1386,0,15
2020-12-21,Humboldt,33,1419,1,16
2020-12-22,Humboldt,21,1440,0,16
2020-03-18,Plumas,0,0,0,0
2020-03-19,Plumas,0,0,0,0
2020-03-20,Plumas,0,0,0,0
2020-03-21,Plumas,0,0,0,0
2020-03-22,Plumas,0,0,0,0
2020-03-23,Plumas,0,0,0,0
2020-03-24,Plumas,1,1,0,0
2020-03-25,Plumas,-1,0,0,0
2020-03-26,Plumas,0,0,0,0
2020-03-27,Plumas,0,0,0,0
2020-03-28,Plumas,0,0,0,0
2020-03-29,Plumas,0,0,0,0
2020-03-30,Plumas,0,0,0,0
2020-03-31,Plumas,0,0,0,0
2020-04-01,Plumas,1,1,0,0
2020-04-02,Plumas,0,1,0,0
2020-04-03,Plumas,1,2,0,0
2020-04-04,Plumas,0,2,0,0
2020-04-05,Plumas,0,2,0,0
2020-04-06,Plumas,0,2,0,0
2020-04-07,Plumas,1,3,0,0
2020-04-08,Plumas,0,3,0,0
2020-04-09,Plumas,0,3,0,0
2020-04-10,Plumas,0,3,0,0
2020-04-11,Plumas,0,3,0,0
2020-04-12,Plumas,0,3,0,0
2020-04-13,Plumas,0,3,0,0
2020-04-14,Plumas,0,3,0,0
2020-04-15,Plumas,1,4,0,0
2020-04-16,Plumas,0,4,0,0
2020-04-17,Plumas,0,4,0,0
2020-04-18,Plumas,0,4,0,0
2020-04-19,Plumas,0,4,0,0
2020-04-20,Plumas,0,4,0,0
2020-04-21,Plumas,0,4,0,0
2020-04-22,Plumas,0,4,0,0
2020-04-23,Plumas,0,4,0,0
2020-04-24,Plumas,0,4,0,0
2020-04-25,Plumas,0,4,0,0
2020-04-26,Plumas,0,4,0,0
2020-04-27,Plumas,0,4,0,0
2020-04-28,Plumas,0,4,0,0
2020-04-29,Plumas,0,4,0,0
2020-04-30,Plumas,0,4,0,0
2020-05-01,Plumas,0,4,0,0
2020-05-02,Plumas,0,4,0,0
2020-05-03,Plumas,0,4,0,0
2020-05-04,Plumas,0,4,0,0
2020-05-05,Plumas,0,4,0,0
2020-05-06,Plumas,0,4,0,0
2020-05-07,Plumas,0,4,0,0
2020-05-08,Plumas,0,4,0,0
2020-05-09,Plumas,0,4,0,0
2020-05-10,Plumas,0,4,0,0
2020-05-11,Plumas,0,4,0,0
2020-05-12,Plumas,0,4,0,0
2020-05-13,Plumas,0,4,0,0
2020-05-14,Plumas,0,4,0,0
2020-05-15,Plumas,0,4,0,0
2020-05-16,Plumas,0,4,0,0
2020-05-17,Plumas,0,4,0,0
2020-05-18,Plumas,1,5,0,0
2020-05-19,Plumas,0,5,0,0
2020-05-20,Plumas,-1,4,0,0
2020-05-21,Plumas,0,4,0,0
2020-05-22,Plumas,0,4,0,0
2020-05-23,Plumas,0,4,0,0
2020-05-24,Plumas,0,4,0,0
2020-05-25,Plumas,0,4,0,0
2020-05-26,Plumas,0,4,0,0
2020-05-27,Plumas,0,4,0,0
2020-05-28,Plumas,0,4,0,0
2020-05-29,Plumas,0,4,0,0
2020-05-30,Plumas,0,4,0,0
2020-05-31,Plumas,0,4,0,0
2020-06-01,Plumas,0,4,0,0
2020-06-02,Plumas,0,4,0,0
2020-06-03,Plumas,0,4,0,0
2020-06-04,Plumas,0,4,0,0
2020-06-05,Plumas,0,4,0,0
2020-06-06,Plumas,0,4,0,0
2020-06-07,Plumas,0,4,0,0
2020-06-08,Plumas,0,4,0,0
2020-06-09,Plumas,0,4,0,0
2020-06-10,Plumas,0,4,0,0
2020-06-11,Plumas,0,4,0,0
2020-06-12,Plumas,0,4,0,0
2020-06-13,Plumas,0,4,0,0
2020-06-14,Plumas,0,4,0,0
2020-06-15,Plumas,0,4,0,0
2020-06-16,Plumas,1,5,0,0
2020-06-17,Plumas,0,5,0,0
2020-06-18,Plumas,0,5,0,0
2020-06-19,Plumas,0,5,0,0
2020-06-20,Plumas,1,6,0,0
2020-06-21,Plumas,0,6,0,0
2020-06-22,Plumas,0,6,0,0
2020-06-23,Plumas,0,6,0,0
2020-06-24,Plumas,0,6,0,0
2020-06-25,Plumas,0,6,0,0
2020-06-26,Plumas,0,6,0,0
2020-06-27,Plumas,0,6,0,0
2020-06-28,Plumas,0,6,0,0
2020-06-29,Plumas,1,7,0,0
2020-06-30,Plumas,1,8,0,0
2020-07-01,Plumas,0,8,0,0
2020-07-02,Plumas,0,8,0,0
2020-07-03,Plumas,3,11,0,0
2020-07-04,Plumas,0,11,0,0
2020-07-05,Plumas,0,11,0,0
2020-07-06,Plumas,0,11,0,0
2020-07-07,Plumas,1,12,0,0
2020-07-08,Plumas,0,12,0,0
2020-07-09,Plumas,0,12,0,0
2020-07-10,Plumas,0,12,0,0
2020-07-11,Plumas,0,12,0,0
2020-07-12,Plumas,2,14,0,0
2020-07-13,Plumas,0,14,0,0
2020-07-14,Plumas,0,14,0,0
2020-07-15,Plumas,2,16,0,0
2020-07-16,Plumas,0,16,0,0
2020-07-17,Plumas,0,16,0,0
2020-07-18,Plumas,1,17,0,0
2020-07-19,Plumas,0,17,0,0
2020-07-20,Plumas,0,17,0,0
2020-07-21,Plumas,2,19,0,0
2020-07-22,Plumas,1,20,0,0
2020-07-23,Plumas,1,21,0,0
2020-07-24,Plumas,1,22,0,0
2020-07-25,Plumas,0,22,0,0
2020-07-26,Plumas,0,22,0,0
2020-07-27,Plumas,0,22,0,0
2020-07-28,Plumas,0,22,0,0
2020-07-29,Plumas,3,25,0,0
2020-07-30,Plumas,0,25,0,0
2020-07-31,Plumas,0,25,0,0
2020-08-01,Plumas,0,25,0,0
2020-08-02,Plumas,0,25,0,0
2020-08-03,Plumas,0,25,0,0
2020-08-04,Plumas,0,25,0,0
2020-08-05,Plumas,0,25,0,0
2020-08-06,Plumas,0,25,0,0
2020-08-07,Plumas,0,25,0,0
2020-08-08,Plumas,2,27,0,0
2020-08-09,Plumas,0,27,0,0
2020-08-10,Plumas,0,27,0,0
2020-08-11,Plumas,4,31,0,0
2020-08-12,Plumas,0,31,0,0
2020-08-13,Plumas,1,32,0,0
2020-08-14,Plumas,1,33,0,0
2020-08-15,Plumas,0,33,0,0
2020-08-16,Plumas,0,33,0,0
2020-08-17,Plumas,0,33,0,0
2020-08-18,Plumas,1,34,0,0
2020-08-19,Plumas,2,36,0,0
2020-08-20,Plumas,0,36,0,0
2020-08-21,Plumas,0,36,0,0
2020-08-22,Plumas,1,37,0,0
2020-08-23,Plumas,0,37,0,0
2020-08-24,Plumas,0,37,0,0
2020-08-25,Plumas,2,39,0,0
2020-08-26,Plumas,0,39,0,0
2020-08-27,Plumas,0,39,0,0
2020-08-28,Plumas,0,39,0,0
2020-08-29,Plumas,0,39,0,0
2020-08-30,Plumas,0,39,0,0
2020-08-31,Plumas,0,39,0,0
2020-09-01,Plumas,0,39,0,0
2020-09-02,Plumas,0,39,0,0
2020-09-03,Plumas,0,39,0,0
2020-09-04,Plumas,3,42,0,0
2020-09-05,Plumas,0,42,0,0
2020-09-06,Plumas,0,42,0,0
2020-09-07,Plumas,0,42,0,0
2020-09-08,Plumas,0,42,0,0
2020-09-09,Plumas,0,42,0,0
2020-09-10,Plumas,0,42,0,0
2020-09-11,Plumas,0,42,0,0
2020-09-12,Plumas,0,42,0,0
2020-09-13,Plumas,0,42,0,0
2020-09-14,Plumas,0,42,0,0
2020-09-15,Plumas,2,44,0,0
2020-09-16,Plumas,1,45,0,0
2020-09-17,Plumas,0,45,0,0
2020-09-18,Plumas,0,45,0,0
2020-09-19,Plumas,2,47,0,0
2020-09-20,Plumas,0,47,0,0
2020-09-21,Plumas,0,47,0,0
2020-09-22,Plumas,1,48,0,0
2020-09-23,Plumas,0,48,0,0
2020-09-24,Plumas,0,48,0,0
2020-09-25,Plumas,0,48,0,0
2020-09-26,Plumas,0,48,0,0
2020-09-27,Plumas,0,48,0,0
2020-09-28,Plumas,0,48,0,0
2020-09-29,Plumas,0,48,0,0
2020-09-30,Plumas,0,48,0,0
2020-10-01,Plumas,0,48,0,0
2020-10-02,Plumas,0,48,0,0
2020-10-03,Plumas,0,48,0,0
2020-10-04,Plumas,1,49,0,0
2020-10-05,Plumas,0,49,0,0
2020-10-06,Plumas,0,49,0,0
2020-10-07,Plumas,1,50,0,0
2020-10-08,Plumas,0,50,0,0
2020-10-09,Plumas,0,50,0,0
2020-10-10,Plumas,1,51,0,0
2020-10-11,Plumas,0,51,0,0
2020-10-12,Plumas,0,51,0,0
2020-10-13,Plumas,0,51,0,0
2020-10-14,Plumas,1,52,0,0
2020-10-15,Plumas,0,52,0,0
2020-10-16,Plumas,0,52,0,0
2020-10-17,Plumas,0,52,0,0
2020-10-18,Plumas,0,52,0,0
2020-10-19,Plumas,0,52,0,0
2020-10-20,Plumas,1,53,0,0
2020-10-21,Plumas,5,58,0,0
2020-10-22,Plumas,4,62,0,0
2020-10-23,Plumas,1,63,0,0
2020-10-24,Plumas,0,63,0,0
2020-10-25,Plumas,0,63,0,0
2020-10-26,Plumas,0,63,0,0
2020-10-27,Plumas,0,63,0,0
2020-10-28,Plumas,4,67,0,0
2020-10-29,Plumas,2,69,0,0
2020-10-30,Plumas,11,80,0,0
2020-10-31,Plumas,5,85,0,0
2020-11-01,Plumas,1,86,0,0
2020-11-02,Plumas,0,86,0,0
2020-11-03,Plumas,0,86,0,0
2020-11-04,Plumas,2,88,0,0
2020-11-05,Plumas,2,90,0,0
2020-11-06,Plumas,0,90,0,0
2020-11-07,Plumas,4,94,0,0
2020-11-08,Plumas,8,102,0,0
2020-11-09,Plumas,0,102,0,0
2020-11-10,Plumas,6,108,0,0
2020-11-11,Plumas,3,111,0,0
2020-11-12,Plumas,10,121,0,0
2020-11-13,Plumas,4,125,0,0
2020-11-14,Plumas,3,128,0,0
2020-11-15,Plumas,-1,127,0,0
2020-11-16,Plumas,0,127,0,0
2020-11-17,Plumas,15,142,0,0
2020-11-18,Plumas,1,143,0,0
2020-11-19,Plumas,15,158,0,0
2020-11-20,Plumas,5,163,0,0
2020-11-21,Plumas,9,172,0,0
2020-11-22,Plumas,0,172,0,0
2020-11-23,Plumas,0,172,0,0
2020-11-24,Plumas,8,180,0,0
2020-11-25,Plumas,3,183,0,0
2020-11-26,Plumas,5,188,0,0
2020-11-27,Plumas,0,188,0,0
2020-11-28,Plumas,0,188,0,0
2020-11-29,Plumas,3,191,0,0
2020-11-30,Plumas,1,192,0,0
2020-12-01,Plumas,9,201,0,0
2020-12-02,Plumas,17,218,0,0
2020-12-03,Plumas,5,223,0,0
2020-12-04,Plumas,9,232,0,0
2020-12-05,Plumas,14,246,0,0
2020-12-06,Plumas,8,254,0,0
2020-12-07,Plumas,2,256,0,0
2020-12-08,Plumas,2,258,0,0
2020-12-09,Plumas,13,271,0,0
2020-12-10,Plumas,10,281,0,0
2020-12-11,Plumas,5,286,0,0
2020-12-12,Plumas,5,291,0,0
2020-12-13,Plumas,0,291,0,0
2020-12-14,Plumas,18,309,0,0
2020-12-15,Plumas,4,313,0,0
2020-12-16,Plumas,6,319,0,0
2020-12-17,Plumas,5,324,0,0
2020-12-18,Plumas,12,336,0,0
2020-12-19,Plumas,7,343,0,0
2020-12-20,Plumas,4,347,0,0
2020-12-21,Plumas,6,353,0,0
2020-12-22,Plumas,7,360,0,0
2020-03-18,Amador,0,0,0,0
2020-03-19,Amador,0,0,0,0
2020-03-20,Amador,0,0,0,0
2020-03-21,Amador,1,1,0,0
2020-03-22,Amador,0,1,0,0
2020-03-23,Amador,0,1,0,0
2020-03-24,Amador,0,1,0,0
2020-03-25,Amador,0,1,0,0
2020-03-26,Amador,0,1,0,0
2020-03-27,Amador,0,1,0,0
2020-03-28,Amador,0,1,0,0
2020-03-29,Amador,0,1,0,0
2020-03-30,Amador,0,1,0,0
2020-03-31,Amador,0,1,0,0
2020-04-01,Amador,0,1,0,0
2020-04-02,Amador,1,2,0,0
2020-04-03,Amador,0,2,0,0
2020-04-04,Amador,0,2,0,0
2020-04-05,Amador,0,2,0,0
2020-04-06,Amador,0,2,0,0
2020-04-07,Amador,0,2,0,0
2020-04-08,Amador,0,2,0,0
2020-04-09,Amador,0,2,0,0
2020-04-10,Amador,3,5,0,0
2020-04-11,Amador,1,6,0,0
2020-04-12,Amador,0,6,0,0
2020-04-13,Amador,0,6,0,0
2020-04-14,Amador,0,6,0,0
2020-04-15,Amador,1,7,0,0
2020-04-16,Amador,0,7,0,0
2020-04-17,Amador,0,7,0,0
2020-04-18,Amador,0,7,0,0
2020-04-19,Amador,0,7,0,0
2020-04-20,Amador,0,7,0,0
2020-04-21,Amador,0,7,0,0
2020-04-22,Amador,0,7,0,0
2020-04-23,Amador,1,8,0,0
2020-04-24,Amador,0,8,0,0
2020-04-25,Amador,0,8,0,0
2020-04-26,Amador,0,8,0,0
2020-04-27,Amador,0,8,0,0
2020-04-28,Amador,0,8,0,0
2020-04-29,Amador,0,8,0,0
2020-04-30,Amador,0,8,0,0
2020-05-01,Amador,0,8,0,0
2020-05-02,Amador,0,8,0,0
2020-05-03,Amador,0,8,0,0
2020-05-04,Amador,0,8,0,0
2020-05-05,Amador,0,8,0,0
2020-05-06,Amador,0,8,0,0
2020-05-07,Amador,0,8,0,0
2020-05-08,Amador,0,8,0,0
2020-05-09,Amador,0,8,0,0
2020-05-10,Amador,0,8,0,0
2020-05-11,Amador,0,8,0,0
2020-05-12,Amador,0,8,0,0
2020-05-13,Amador,0,8,0,0
2020-05-14,Amador,0,8,0,0
2020-05-15,Amador,0,8,0,0
2020-05-16,Amador,0,8,0,0
2020-05-17,Amador,0,8,0,0
2020-05-18,Amador,0,8,0,0
2020-05-19,Amador,1,9,0,0
2020-05-20,Amador,0,9,0,0
2020-05-21,Amador,0,9,0,0
2020-05-22,Amador,0,9,0,0
2020-05-23,Amador,0,9,0,0
2020-05-24,Amador,0,9,0,0
2020-05-25,Amador,1,10,0,0
2020-05-26,Amador,0,10,0,0
2020-05-27,Amador,0,10,0,0
2020-05-28,Amador,0,10,0,0
2020-05-29,Amador,0,10,0,0
2020-05-30,Amador,0,10,0,0
2020-05-31,Amador,0,10,0,0
2020-06-01,Amador,0,10,0,0
2020-06-02,Amador,0,10,0,0
2020-06-03,Amador,0,10,0,0
2020-06-04,Amador,0,10,0,0
2020-06-05,Amador,0,10,0,0
2020-06-06,Amador,0,10,0,0
2020-06-07,Amador,0,10,0,0
2020-06-08,Amador,0,10,0,0
2020-06-09,Amador,0,10,0,0
2020-06-10,Amador,0,10,0,0
2020-06-11,Amador,0,10,0,0
2020-06-12,Amador,0,10,0,0
2020-06-13,Amador,0,10,0,0
2020-06-14,Amador,0,10,0,0
2020-06-15,Amador,0,10,0,0
2020-06-16,Amador,0,10,0,0
2020-06-17,Amador,0,10,0,0
2020-06-18,Amador,2,12,0,0
2020-06-19,Amador,0,12,0,0
2020-06-20,Amador,0,12,0,0
2020-06-21,Amador,0,12,0,0
2020-06-22,Amador,0,12,0,0
2020-06-23,Amador,1,13,0,0
2020-06-24,Amador,3,16,0,0
2020-06-25,Amador,2,18,0,0
2020-06-26,Amador,2,20,0,0
2020-06-27,Amador,0,20,0,0
2020-06-28,Amador,0,20,0,0
2020-06-29,Amador,0,20,0,0
2020-06-30,Amador,1,21,0,0
2020-07-01,Amador,1,22,0,0
2020-07-02,Amador,1,23,0,0
2020-07-03,Amador,2,25,0,0
2020-07-04,Amador,6,31,0,0
2020-07-05,Amador,0,31,0,0
2020-07-06,Amador,2,33,0,0
2020-07-07,Amador,0,33,0,0
2020-07-08,Amador,2,35,0,0
2020-07-09,Amador,1,36,0,0
2020-07-10,Amador,1,37,0,0
2020-07-11,Amador,0,37,0,0
2020-07-12,Amador,3,40,0,0
2020-07-13,Amador,2,42,0,0
2020-07-14,Amador,2,44,0,0
2020-07-15,Amador,0,44,0,0
2020-07-16,Amador,2,46,0,0
2020-07-17,Amador,2,48,0,0
2020-07-18,Amador,1,49,0,0
2020-07-19,Amador,2,51,0,0
2020-07-20,Amador,2,53,0,0
2020-07-21,Amador,2,55,0,0
2020-07-22,Amador,3,58,0,0
2020-07-23,Amador,3,61,0,0
2020-07-24,Amador,5,66,0,0
2020-07-25,Amador,1,67,0,0
2020-07-26,Amador,0,67,0,0
2020-07-27,Amador,5,72,0,0
2020-07-28,Amador,5,77,0,0
2020-07-29,Amador,3,80,0,0
2020-07-30,Amador,17,97,0,0
2020-07-31,Amador,1,98,0,0
2020-08-01,Amador,11,109,0,0
2020-08-02,Amador,8,117,0,0
2020-08-03,Amador,2,119,0,0
2020-08-04,Amador,4,123,0,0
2020-08-05,Amador,0,123,0,0
2020-08-06,Amador,2,125,0,0
2020-08-07,Amador,0,125,2,2
2020-08-08,Amador,14,139,0,2
2020-08-09,Amador,14,153,0,2
2020-08-10,Amador,19,172,0,2
2020-08-11,Amador,15,187,8,10
2020-08-12,Amador,10,197,0,10
2020-08-13,Amador,1,198,1,11
2020-08-14,Amador,11,209,0,11
2020-08-15,Amador,1,210,0,11
2020-08-16,Amador,5,215,0,11
2020-08-17,Amador,0,215,0,11
2020-08-18,Amador,0,215,0,11
2020-08-19,Amador,4,219,2,13
2020-08-20,Amador,3,222,0,13
2020-08-21,Amador,1,223,1,14
2020-08-22,Amador,1,224,0,14
2020-08-23,Amador,3,227,0,14
2020-08-24,Amador,0,227,0,14
2020-08-25,Amador,0,227,0,14
2020-08-26,Amador,2,229,0,14
2020-08-27,Amador,4,233,0,14
2020-08-28,Amador,1,234,0,14
2020-08-29,Amador,5,239,0,14
2020-08-30,Amador,1,240,0,14
2020-08-31,Amador,3,243,-1,13
2020-09-01,Amador,1,244,2,15
2020-09-02,Amador,1,245,0,15
2020-09-03,Amador,29,274,0,15
2020-09-04,Amador,0,274,0,15
2020-09-05,Amador,0,274,1,16
2020-09-06,Amador,1,275,-1,15
2020-09-07,Amador,1,276,0,15
2020-09-08,Amador,0,276,1,16
2020-09-09,Amador,0,276,0,16
2020-09-10,Amador,1,277,0,16
2020-09-11,Amador,0,277,0,16
2020-09-12,Amador,1,278,0,16
2020-09-13,Amador,1,279,0,16
2020-09-14,Amador,2,281,0,16
2020-09-15,Amador,1,282,0,16
2020-09-16,Amador,2,284,0,16
2020-09-17,Amador,0,284,0,16
2020-09-18,Amador,1,285,0,16
2020-09-19,Amador,0,285,0,16
2020-09-20,Amador,1,286,0,16
2020-09-21,Amador,0,286,0,16
2020-09-22,Amador,1,287,0,16
2020-09-23,Amador,1,288,0,16
2020-09-24,Amador,0,288,0,16
2020-09-25,Amador,1,289,0,16
2020-09-26,Amador,2,291,0,16
2020-09-27,Amador,0,291,0,16
2020-09-28,Amador,3,294,0,16
2020-09-29,Amador,0,294,0,16
2020-09-30,Amador,0,294,0,16
2020-10-01,Amador,0,294,0,16
2020-10-02,Amador,2,296,0,16
2020-10-03,Amador,0,296,0,16
2020-10-04,Amador,1,297,0,16
2020-10-05,Amador,2,299,0,16
2020-10-06,Amador,2,301,0,16
2020-10-07,Amador,1,302,0,16
2020-10-08,Amador,0,302,0,16
2020-10-09,Amador,1,303,0,16
2020-10-10,Amador,1,304,0,16
2020-10-11,Amador,1,305,0,16
2020-10-12,Amador,0,305,0,16
2020-10-13,Amador,1,306,0,16
2020-10-14,Amador,2,308,0,16
2020-10-15,Amador,1,309,0,16
2020-10-16,Amador,0,309,0,16
2020-10-17,Amador,0,309,0,16
2020-10-18,Amador,4,313,0,16
2020-10-19,Amador,0,313,0,16
2020-10-20,Amador,0,313,0,16
2020-10-21,Amador,0,313,0,16
2020-10-22,Amador,4,317,0,16
2020-10-23,Amador,7,324,0,16
2020-10-24,Amador,4,328,0,16
2020-10-25,Amador,2,330,0,16
2020-10-26,Amador,1,331,0,16
2020-10-27,Amador,4,335,0,16
2020-10-28,Amador,2,337,0,16
2020-10-29,Amador,1,338,0,16
2020-10-30,Amador,6,344,0,16
2020-10-31,Amador,3,347,0,16
2020-11-01,Amador,5,352,0,16
2020-11-02,Amador,5,357,0,16
2020-11-03,Amador,4,361,0,16
2020-11-04,Amador,1,362,0,16
2020-11-05,Amador,1,363,0,16
2020-11-06,Amador,6,369,0,16
2020-11-07,Amador,5,374,0,16
2020-11-08,Amador,2,376,0,16
2020-11-09,Amador,4,380,0,16
2020-11-10,Amador,4,384,0,16
2020-11-11,Amador,5,389,0,16
2020-11-12,Amador,3,392,0,16
2020-11-13,Amador,5,397,0,16
2020-11-14,Amador,7,404,0,16
2020-11-15,Amador,5,409,0,16
2020-11-16,Amador,5,414,0,16
2020-11-17,Amador,9,423,0,16
2020-11-18,Amador,7,430,0,16
2020-11-19,Amador,6,436,0,16
2020-11-20,Amador,10,446,0,16
2020-11-21,Amador,4,450,0,16
2020-11-22,Amador,0,450,0,16
2020-11-23,Amador,7,457,0,16
2020-11-24,Amador,13,470,0,16
2020-11-25,Amador,14,484,0,16
2020-11-26,Amador,4,488,0,16
2020-11-27,Amador,10,498,0,16
2020-11-28,Amador,38,536,0,16
2020-11-29,Amador,12,548,0,16
2020-11-30,Amador,11,559,0,16
2020-12-01,Amador,16,575,0,16
2020-12-02,Amador,10,585,0,16
2020-12-03,Amador,68,653,0,16
2020-12-04,Amador,113,766,0,16
2020-12-05,Amador,81,847,1,17
2020-12-06,Amador,105,952,0,17
2020-12-07,Amador,41,993,0,17
2020-12-08,Amador,50,1043,0,17
2020-12-09,Amador,78,1121,1,18
2020-12-10,Amador,70,1191,0,18
2020-12-11,Amador,22,1213,1,19
2020-12-12,Amador,23,1236,0,19
2020-12-13,Amador,221,1457,0,19
2020-12-14,Amador,152,1609,0,19
2020-12-15,Amador,60,1669,0,19
2020-12-16,Amador,24,1693,0,19
2020-12-17,Amador,10,1703,1,20
2020-12-18,Amador,24,1727,0,20
2020-12-19,Amador,27,1754,3,23
2020-12-20,Amador,17,1771,0,23
2020-12-21,Amador,44,1815,0,23
2020-12-22,Amador,24,1839,0,23
2020-03-18,Imperial,2,2,0,0
2020-03-19,Imperial,0,2,0,0
2020-03-20,Imperial,0,2,0,0
2020-03-21,Imperial,0,2,0,0
2020-03-22,Imperial,0,2,0,0
2020-03-23,Imperial,0,2,0,0
2020-03-24,Imperial,1,3,0,0
2020-03-25,Imperial,5,8,0,0
2020-03-26,Imperial,0,8,0,0
2020-03-27,Imperial,1,9,0,0
2020-03-28,Imperial,0,9,0,0
2020-03-29,Imperial,0,9,0,0
2020-03-30,Imperial,0,9,0,0
2020-03-31,Imperial,8,17,0,0
2020-04-01,Imperial,8,25,0,0
2020-04-02,Imperial,-1,24,0,0
2020-04-03,Imperial,11,35,0,0
2020-04-04,Imperial,7,42,1,1
2020-04-05,Imperial,0,42,0,1
2020-04-06,Imperial,5,47,0,1
2020-04-07,Imperial,6,53,1,2
2020-04-08,Imperial,6,59,0,2
2020-04-09,Imperial,8,67,0,2
2020-04-10,Imperial,3,70,1,3
2020-04-11,Imperial,8,78,0,3
2020-04-12,Imperial,0,78,0,3
2020-04-13,Imperial,5,83,0,3
2020-04-14,Imperial,3,86,0,3
2020-04-15,Imperial,29,115,0,3
2020-04-16,Imperial,17,132,0,3
2020-04-17,Imperial,3,135,0,3
2020-04-18,Imperial,2,137,0,3
2020-04-19,Imperial,7,144,0,3
2020-04-20,Imperial,5,149,0,3
2020-04-21,Imperial,16,165,2,5
2020-04-22,Imperial,5,170,1,6
2020-04-23,Imperial,11,181,2,8
2020-04-24,Imperial,51,232,0,8
2020-04-25,Imperial,0,232,0,8
2020-04-26,Imperial,40,272,0,8
2020-04-27,Imperial,18,290,0,8
2020-04-28,Imperial,5,295,0,8
2020-04-29,Imperial,5,300,0,8
2020-04-30,Imperial,22,322,0,8
2020-05-01,Imperial,15,337,1,9
2020-05-02,Imperial,8,345,0,9
2020-05-03,Imperial,6,351,0,9
2020-05-04,Imperial,0,351,0,9
2020-05-05,Imperial,38,389,0,9
2020-05-06,Imperial,10,399,1,10
2020-05-07,Imperial,43,442,1,11
2020-05-08,Imperial,25,467,0,11
2020-05-09,Imperial,7,474,1,12
2020-05-10,Imperial,35,509,0,12
2020-05-11,Imperial,53,562,0,12
2020-05-12,Imperial,40,602,0,12
2020-05-13,Imperial,8,610,2,14
2020-05-14,Imperial,42,652,1,15
2020-05-15,Imperial,28,680,0,15
2020-05-16,Imperial,32,712,0,15
2020-05-17,Imperial,3,715,0,15
2020-05-18,Imperial,52,767,0,15
2020-05-19,Imperial,245,1012,3,18
2020-05-20,Imperial,35,1047,0,18
2020-05-21,Imperial,49,1096,3,21
2020-05-22,Imperial,118,1214,0,21
2020-05-23,Imperial,69,1283,2,23
2020-05-24,Imperial,86,1369,0,23
2020-05-25,Imperial,0,1369,0,23
2020-05-26,Imperial,0,1369,0,23
2020-05-27,Imperial,0,1369,1,24
2020-05-28,Imperial,61,1430,2,26
2020-05-29,Imperial,177,1607,0,26
2020-05-30,Imperial,484,2091,1,27
2020-05-31,Imperial,106,2197,0,27
2020-06-01,Imperial,169,2366,2,29
2020-06-02,Imperial,93,2459,0,29
2020-06-03,Imperial,81,2540,0,29
2020-06-04,Imperial,91,2631,1,30
2020-06-05,Imperial,147,2778,3,33
2020-06-06,Imperial,269,3047,0,33
2020-06-07,Imperial,1,3048,0,33
2020-06-08,Imperial,3,3051,5,38
2020-06-09,Imperial,16,3067,0,38
2020-06-10,Imperial,387,3454,3,41
2020-06-11,Imperial,9,3463,2,43
2020-06-12,Imperial,80,3543,0,43
2020-06-13,Imperial,103,3646,0,43
2020-06-14,Imperial,84,3730,0,43
2020-06-15,Imperial,-4,3726,4,47
2020-06-16,Imperial,213,3939,5,52
2020-06-17,Imperial,169,4108,2,54
2020-06-18,Imperial,258,4366,6,60
2020-06-19,Imperial,138,4504,4,64
2020-06-20,Imperial,112,4616,0,64
2020-06-21,Imperial,85,4701,0,64
2020-06-22,Imperial,-1,4700,0,64
2020-06-23,Imperial,325,5025,4,68
2020-06-24,Imperial,113,5138,2,70
2020-06-25,Imperial,70,5208,3,73
2020-06-26,Imperial,224,5432,0,73
2020-06-27,Imperial,134,5566,8,81
2020-06-28,Imperial,108,5674,0,81
2020-06-29,Imperial,170,5844,0,81
2020-06-30,Imperial,242,6086,12,93
2020-07-01,Imperial,69,6155,4,97
2020-07-02,Imperial,81,6236,3,100
2020-07-03,Imperial,109,6345,5,105
2020-07-04,Imperial,96,6441,9,114
2020-07-05,Imperial,0,6441,0,114
2020-07-06,Imperial,2,6443,3,117
2020-07-07,Imperial,235,6678,4,121
2020-07-08,Imperial,49,6727,4,125
2020-07-09,Imperial,51,6778,2,127
2020-07-10,Imperial,100,6878,5,132
2020-07-11,Imperial,6,6884,3,135
2020-07-12,Imperial,115,6999,0,135
2020-07-13,Imperial,53,7052,1,136
2020-07-14,Imperial,43,7095,5,141
2020-07-15,Imperial,15,7110,7,148
2020-07-16,Imperial,38,7148,0,148
2020-07-17,Imperial,45,7193,8,156
2020-07-18,Imperial,75,7268,5,161
2020-07-19,Imperial,12,7280,0,161
2020-07-20,Imperial,57,7337,2,163
2020-07-21,Imperial,121,7458,0,163
2020-07-22,Imperial,75,7533,2,165
2020-07-23,Imperial,71,7604,5,170
2020-07-24,Imperial,82,7686,3,173
2020-07-25,Imperial,41,7727,8,181
2020-07-26,Imperial,54,7781,0,181
2020-07-27,Imperial,8,7789,0,181
2020-07-28,Imperial,15,7804,7,188
2020-07-29,Imperial,21,7825,0,188
2020-07-30,Imperial,24,7849,12,200
2020-07-31,Imperial,37,7886,10,210
2020-08-01,Imperial,33,7919,10,220
2020-08-02,Imperial,0,7919,0,220
2020-08-03,Imperial,34,7953,2,222
2020-08-04,Imperial,21,7974,10,232
2020-08-05,Imperial,62,8036,2,234
2020-08-06,Imperial,28,8064,6,240
2020-08-07,Imperial,21,8085,2,242
2020-08-08,Imperial,128,8213,2,244
2020-08-09,Imperial,97,8310,0,244
2020-08-10,Imperial,155,8465,0,244
2020-08-11,Imperial,53,8518,0,244
2020-08-12,Imperial,48,8566,8,252
2020-08-13,Imperial,74,8640,5,257
2020-08-14,Imperial,116,8756,0,257
2020-08-15,Imperial,38,8794,0,257
2020-08-16,Imperial,89,8883,0,257
2020-08-17,Imperial,14,8897,0,257
2020-08-18,Imperial,71,8968,8,265
2020-08-19,Imperial,73,9041,0,265
2020-08-20,Imperial,45,9086,1,266
2020-08-21,Imperial,80,9166,3,269
2020-08-22,Imperial,78,9244,3,272
2020-08-23,Imperial,-1,9243,0,272
2020-08-24,Imperial,80,9323,0,272
2020-08-25,Imperial,58,9381,0,272
2020-08-26,Imperial,72,9453,11,283
2020-08-27,Imperial,155,9608,3,286
2020-08-28,Imperial,48,9656,1,287
2020-08-29,Imperial,42,9698,6,293
2020-08-30,Imperial,5,9703,0,293
2020-08-31,Imperial,56,9759,0,293
2020-09-01,Imperial,23,9782,1,294
2020-09-02,Imperial,50,9832,2,296
2020-09-03,Imperial,251,10083,0,296
2020-09-04,Imperial,53,10136,0,296
2020-09-05,Imperial,15,10151,0,296
2020-09-06,Imperial,1,10152,0,296
2020-09-07,Imperial,47,10199,0,296
2020-09-08,Imperial,-1,10198,0,296
2020-09-09,Imperial,35,10233,5,301
2020-09-10,Imperial,18,10251,2,303
2020-09-11,Imperial,35,10286,5,308
2020-09-12,Imperial,19,10305,0,308
2020-09-13,Imperial,-1,10304,0,308
2020-09-14,Imperial,36,10340,0,308
2020-09-15,Imperial,36,10376,1,309
2020-09-16,Imperial,25,10401,0,309
2020-09-17,Imperial,35,10436,1,310
2020-09-18,Imperial,24,10460,2,312
2020-09-19,Imperial,36,10496,2,314
2020-09-20,Imperial,0,10496,0,314
2020-09-21,Imperial,25,10521,0,314
2020-09-22,Imperial,8,10529,0,314
2020-09-23,Imperial,58,10587,3,317
2020-09-24,Imperial,35,10622,0,317
2020-09-25,Imperial,59,10681,0,317
2020-09-26,Imperial,40,10721,0,317
2020-09-27,Imperial,22,10743,0,317
2020-09-28,Imperial,34,10777,0,317
2020-09-29,Imperial,34,10811,0,317
2020-09-30,Imperial,57,10868,3,320
2020-10-01,Imperial,60,10928,3,323
2020-10-02,Imperial,96,11024,0,323
2020-10-03,Imperial,66,11090,3,326
2020-10-04,Imperial,37,11127,0,326
2020-10-05,Imperial,42,11169,0,326
2020-10-06,Imperial,27,11196,0,326
2020-10-07,Imperial,93,11289,1,327
2020-10-08,Imperial,116,11405,2,329
2020-10-09,Imperial,111,11516,0,329
2020-10-10,Imperial,75,11591,0,329
2020-10-11,Imperial,23,11614,0,329
2020-10-12,Imperial,75,11689,1,330
2020-10-13,Imperial,38,11727,0,330
2020-10-14,Imperial,38,11765,5,335
2020-10-15,Imperial,55,11820,0,335
2020-10-16,Imperial,65,11885,0,335
2020-10-17,Imperial,77,11962,0,335
2020-10-18,Imperial,25,11987,0,335
2020-10-19,Imperial,49,12036,0,335
2020-10-20,Imperial,78,12114,0,335
2020-10-21,Imperial,96,12210,1,336
2020-10-22,Imperial,101,12311,0,336
2020-10-23,Imperial,87,12398,0,336
2020-10-24,Imperial,71,12469,0,336
2020-10-25,Imperial,103,12572,0,336
2020-10-26,Imperial,82,12654,0,336
2020-10-27,Imperial,26,12680,0,336
2020-10-28,Imperial,50,12730,0,336
2020-10-29,Imperial,39,12769,2,338
2020-10-30,Imperial,84,12853,0,338
2020-10-31,Imperial,59,12912,0,338
2020-11-01,Imperial,57,12969,0,338
2020-11-02,Imperial,35,13004,0,338
2020-11-03,Imperial,40,13044,0,338
2020-11-04,Imperial,43,13087,0,338
2020-11-05,Imperial,91,13178,2,340
2020-11-06,Imperial,52,13230,1,341
2020-11-07,Imperial,113,13343,0,341
2020-11-08,Imperial,85,13428,0,341
2020-11-09,Imperial,80,13508,0,341
2020-11-10,Imperial,62,13570,0,341
2020-11-11,Imperial,53,13623,0,341
2020-11-12,Imperial,-4,13619,2,343
2020-11-13,Imperial,171,13790,5,348
2020-11-14,Imperial,142,13932,0,348
2020-11-15,Imperial,8,13940,0,348
2020-11-16,Imperial,171,14111,3,351
2020-11-17,Imperial,93,14204,0,351
2020-11-18,Imperial,224,14428,2,353
2020-11-19,Imperial,79,14507,0,353
2020-11-20,Imperial,357,14864,0,353
2020-11-21,Imperial,189,15053,0,353
2020-11-22,Imperial,56,15109,0,353
2020-11-23,Imperial,-5,15104,2,355
2020-11-24,Imperial,496,15600,0,355
2020-11-25,Imperial,40,15640,1,356
2020-11-26,Imperial,82,15722,0,356
2020-11-27,Imperial,238,15960,0,356
2020-11-28,Imperial,59,16019,0,356
2020-11-29,Imperial,119,16138,0,356
2020-11-30,Imperial,74,16212,0,356
2020-12-01,Imperial,66,16278,0,356
2020-12-02,Imperial,82,16360,0,356
2020-12-03,Imperial,76,16436,2,358
2020-12-04,Imperial,48,16484,2,360
2020-12-05,Imperial,60,16544,0,360
2020-12-06,Imperial,378,16922,0,360
2020-12-07,Imperial,312,17234,0,360
2020-12-08,Imperial,334,17568,0,360
2020-12-09,Imperial,189,17757,7,367
2020-12-10,Imperial,576,18333,4,371
2020-12-11,Imperial,266,18599,2,373
2020-12-12,Imperial,348,18947,0,373
2020-12-13,Imperial,525,19472,0,373
2020-12-14,Imperial,136,19608,3,376
2020-12-15,Imperial,148,19756,4,380
2020-12-16,Imperial,224,19980,8,388
2020-12-17,Imperial,228,20208,6,394
2020-12-18,Imperial,222,20430,0,394
2020-12-19,Imperial,281,20711,0,394
2020-12-20,Imperial,171,20882,0,394
2020-12-21,Imperial,112,20994,2,396
2020-12-22,Imperial,134,21128,4,400
2020-03-18,Yolo,4,4,0,0
2020-03-19,Yolo,1,5,0,0
2020-03-20,Yolo,0,5,0,0
2020-03-21,Yolo,1,6,0,0
2020-03-22,Yolo,0,6,0,0
2020-03-23,Yolo,2,8,0,0
2020-03-24,Yolo,0,8,0,0
2020-03-25,Yolo,1,9,1,1
2020-03-26,Yolo,4,13,0,1
2020-03-27,Yolo,0,13,0,1
2020-03-28,Yolo,0,13,0,1
2020-03-29,Yolo,0,13,0,1
2020-03-30,Yolo,4,17,0,1
2020-03-31,Yolo,4,21,0,1
2020-04-01,Yolo,1,22,0,1
2020-04-02,Yolo,7,29,0,1
2020-04-03,Yolo,4,33,0,1
2020-04-04,Yolo,7,40,1,2
2020-04-05,Yolo,-3,37,0,2
2020-04-06,Yolo,6,43,-1,1
2020-04-07,Yolo,8,51,1,2
2020-04-08,Yolo,5,56,1,3
2020-04-09,Yolo,3,59,0,3
2020-04-10,Yolo,3,62,-1,2
2020-04-11,Yolo,5,67,0,2
2020-04-12,Yolo,0,67,0,2
2020-04-13,Yolo,14,81,0,2
2020-04-14,Yolo,0,81,2,4
2020-04-15,Yolo,12,93,3,7
2020-04-16,Yolo,5,98,0,7
2020-04-17,Yolo,19,117,1,8
2020-04-18,Yolo,1,118,0,8
2020-04-19,Yolo,2,120,0,8
2020-04-20,Yolo,5,125,2,10
2020-04-21,Yolo,18,143,0,10
2020-04-22,Yolo,4,147,2,12
2020-04-23,Yolo,4,151,0,12
2020-04-24,Yolo,4,155,1,13
2020-04-25,Yolo,2,157,0,13
2020-04-26,Yolo,1,158,0,13
2020-04-27,Yolo,2,160,2,15
2020-04-28,Yolo,0,160,0,15
2020-04-29,Yolo,1,161,0,15
2020-04-30,Yolo,3,164,1,16
2020-05-01,Yolo,1,165,2,18
2020-05-02,Yolo,4,169,0,18
2020-05-03,Yolo,2,171,0,18
2020-05-04,Yolo,0,171,0,18
2020-05-05,Yolo,0,171,0,18
2020-05-06,Yolo,1,172,0,18
2020-05-07,Yolo,0,172,0,18
2020-05-08,Yolo,0,172,0,18
2020-05-09,Yolo,0,172,0,18
2020-05-10,Yolo,1,173,0,18
2020-05-11,Yolo,1,174,2,20
2020-05-12,Yolo,2,176,0,20
2020-05-13,Yolo,2,178,2,22
2020-05-14,Yolo,2,180,0,22
2020-05-15,Yolo,2,182,0,22
2020-05-16,Yolo,-1,181,0,22
2020-05-17,Yolo,1,182,0,22
2020-05-18,Yolo,1,183,0,22
2020-05-19,Yolo,0,183,0,22
2020-05-20,Yolo,1,184,0,22
2020-05-21,Yolo,1,185,0,22
2020-05-22,Yolo,2,187,0,22
2020-05-23,Yolo,1,188,0,22
2020-05-24,Yolo,4,192,0,22
2020-05-25,Yolo,5,197,0,22
2020-05-26,Yolo,1,198,0,22
2020-05-27,Yolo,6,204,0,22
2020-05-28,Yolo,2,206,1,23
2020-05-29,Yolo,5,211,1,24
2020-05-30,Yolo,-1,210,0,24
2020-05-31,Yolo,1,211,0,24
2020-06-01,Yolo,1,212,0,24
2020-06-02,Yolo,1,213,0,24
2020-06-03,Yolo,0,213,0,24
2020-06-04,Yolo,3,216,0,24
2020-06-05,Yolo,0,216,0,24
2020-06-06,Yolo,7,223,0,24
2020-06-07,Yolo,1,224,0,24
2020-06-08,Yolo,4,228,0,24
2020-06-09,Yolo,-2,226,0,24
2020-06-10,Yolo,0,226,0,24
2020-06-11,Yolo,4,230,0,24
2020-06-12,Yolo,13,243,0,24
2020-06-13,Yolo,8,251,0,24
2020-06-14,Yolo,3,254,0,24
2020-06-15,Yolo,1,255,0,24
2020-06-16,Yolo,7,262,0,24
2020-06-17,Yolo,15,277,0,24
2020-06-18,Yolo,17,294,0,24
2020-06-19,Yolo,9,303,0,24
2020-06-20,Yolo,6,309,0,24
2020-06-21,Yolo,14,323,0,24
2020-06-22,Yolo,10,333,0,24
2020-06-23,Yolo,17,350,0,24
2020-06-24,Yolo,26,376,0,24
2020-06-25,Yolo,21,397,0,24
2020-06-26,Yolo,22,419,0,24
2020-06-27,Yolo,16,435,0,24
2020-06-28,Yolo,44,479,0,24
2020-06-29,Yolo,27,506,0,24
2020-06-30,Yolo,16,522,0,24
2020-07-01,Yolo,6,528,0,24
2020-07-02,Yolo,26,554,0,24
2020-07-03,Yolo,32,586,0,24
2020-07-04,Yolo,29,615,1,25
2020-07-05,Yolo,29,644,1,26
2020-07-06,Yolo,41,685,0,26
2020-07-07,Yolo,21,706,0,26
2020-07-08,Yolo,21,727,0,26
2020-07-09,Yolo,37,764,2,28
2020-07-10,Yolo,30,794,0,28
2020-07-11,Yolo,39,833,0,28
2020-07-12,Yolo,56,889,0,28
2020-07-13,Yolo,52,941,0,28
2020-07-14,Yolo,25,966,1,29
2020-07-15,Yolo,36,1002,0,29
2020-07-16,Yolo,32,1034,1,30
2020-07-17,Yolo,21,1055,1,31
2020-07-18,Yolo,22,1077,0,31
2020-07-19,Yolo,50,1127,0,31
2020-07-20,Yolo,28,1155,3,34
2020-07-21,Yolo,49,1204,0,34
2020-07-22,Yolo,29,1233,1,35
2020-07-23,Yolo,46,1279,2,37
2020-07-24,Yolo,50,1329,0,37
2020-07-25,Yolo,28,1357,0,37
2020-07-26,Yolo,51,1408,0,37
2020-07-27,Yolo,31,1439,0,37
2020-07-28,Yolo,20,1459,2,39
2020-07-29,Yolo,29,1488,2,41
2020-07-30,Yolo,23,1511,0,41
2020-07-31,Yolo,11,1522,0,41
2020-08-01,Yolo,35,1557,1,42
2020-08-02,Yolo,31,1588,0,42
2020-08-03,Yolo,10,1598,0,42
2020-08-04,Yolo,28,1626,0,42
2020-08-05,Yolo,8,1634,0,42
2020-08-06,Yolo,28,1662,0,42
2020-08-07,Yolo,27,1689,1,43
2020-08-08,Yolo,36,1725,0,43
2020-08-09,Yolo,40,1765,1,44
2020-08-10,Yolo,75,1840,0,44
2020-08-11,Yolo,72,1912,1,45
2020-08-12,Yolo,9,1921,0,45
2020-08-13,Yolo,17,1938,0,45
2020-08-14,Yolo,53,1991,1,46
2020-08-15,Yolo,40,2031,0,46
2020-08-16,Yolo,26,2057,0,46
2020-08-17,Yolo,26,2083,0,46
2020-08-18,Yolo,19,2102,0,46
2020-08-19,Yolo,24,2126,1,47
2020-08-20,Yolo,24,2150,0,47
2020-08-21,Yolo,14,2164,0,47
2020-08-22,Yolo,24,2188,0,47
2020-08-23,Yolo,22,2210,0,47
2020-08-24,Yolo,29,2239,0,47
2020-08-25,Yolo,15,2254,2,49
2020-08-26,Yolo,25,2279,0,49
2020-08-27,Yolo,14,2293,2,51
2020-08-28,Yolo,30,2323,0,51
2020-08-29,Yolo,34,2357,0,51
2020-08-30,Yolo,34,2391,1,52
2020-08-31,Yolo,32,2423,0,52
2020-09-01,Yolo,17,2440,0,52
2020-09-02,Yolo,9,2449,0,52
2020-09-03,Yolo,26,2475,1,53
2020-09-04,Yolo,20,2495,0,53
2020-09-05,Yolo,39,2534,0,53
2020-09-06,Yolo,22,2556,0,53
2020-09-07,Yolo,9,2565,0,53
2020-09-08,Yolo,15,2580,0,53
2020-09-09,Yolo,24,2604,0,53
2020-09-10,Yolo,8,2612,0,53
2020-09-11,Yolo,20,2632,0,53
2020-09-12,Yolo,14,2646,0,53
2020-09-13,Yolo,29,2675,0,53
2020-09-14,Yolo,12,2687,0,53
2020-09-15,Yolo,21,2708,0,53
2020-09-16,Yolo,1,2709,0,53
2020-09-17,Yolo,15,2724,0,53
2020-09-18,Yolo,8,2732,0,53
2020-09-19,Yolo,7,2739,1,54
2020-09-20,Yolo,6,2745,0,54
2020-09-21,Yolo,7,2752,0,54
2020-09-22,Yolo,11,2763,0,54
2020-09-23,Yolo,3,2766,1,55
2020-09-24,Yolo,10,2776,0,55
2020-09-25,Yolo,8,2784,0,55
2020-09-26,Yolo,5,2789,0,55
2020-09-27,Yolo,7,2796,0,55
2020-09-28,Yolo,13,2809,0,55
2020-09-29,Yolo,9,2818,0,55
2020-09-30,Yolo,4,2822,0,55
2020-10-01,Yolo,11,2833,0,55
2020-10-02,Yolo,12,2845,0,55
2020-10-03,Yolo,18,2863,1,56
2020-10-04,Yolo,12,2875,0,56
2020-10-05,Yolo,14,2889,0,56
2020-10-06,Yolo,10,2899,0,56
2020-10-07,Yolo,5,2904,0,56
2020-10-08,Yolo,10,2914,0,56
2020-10-09,Yolo,14,2928,0,56
2020-10-10,Yolo,11,2939,0,56
2020-10-11,Yolo,13,2952,0,56
2020-10-12,Yolo,12,2964,0,56
2020-10-13,Yolo,19,2983,0,56
2020-10-14,Yolo,24,3007,0,56
2020-10-15,Yolo,7,3014,0,56
2020-10-16,Yolo,16,3030,0,56
2020-10-17,Yolo,15,3045,0,56
2020-10-18,Yolo,14,3059,0,56
2020-10-19,Yolo,10,3069,0,56
2020-10-20,Yolo,14,3083,0,56
2020-10-21,Yolo,12,3095,2,58
2020-10-22,Yolo,21,3116,0,58
2020-10-23,Yolo,24,3140,0,58
2020-10-24,Yolo,24,3164,0,58
2020-10-25,Yolo,26,3190,1,59
2020-10-26,Yolo,16,3206,0,59
2020-10-27,Yolo,10,3216,0,59
2020-10-28,Yolo,14,3230,1,60
2020-10-29,Yolo,16,3246,0,60
2020-10-30,Yolo,17,3263,0,60
2020-10-31,Yolo,27,3290,0,60
2020-11-01,Yolo,13,3303,0,60
2020-11-02,Yolo,15,3318,1,61
2020-11-03,Yolo,25,3343,0,61
2020-11-04,Yolo,18,3361,1,62
2020-11-05,Yolo,30,3391,0,62
2020-11-06,Yolo,29,3420,1,63
2020-11-07,Yolo,43,3463,0,63
2020-11-08,Yolo,29,3492,0,63
2020-11-09,Yolo,30,3522,0,63
2020-11-10,Yolo,51,3573,1,64
2020-11-11,Yolo,33,3606,0,64
2020-11-12,Yolo,40,3646,0,64
2020-11-13,Yolo,70,3716,2,66
2020-11-14,Yolo,49,3765,0,66
2020-11-15,Yolo,54,3819,0,66
2020-11-16,Yolo,39,3858,0,66
2020-11-17,Yolo,29,3887,4,70
2020-11-18,Yolo,42,3929,1,71
2020-11-19,Yolo,44,3973,1,72
2020-11-20,Yolo,108,4081,2,74
2020-11-21,Yolo,66,4147,1,75
2020-11-22,Yolo,59,4206,0,75
2020-11-23,Yolo,59,4265,-1,74
2020-11-24,Yolo,155,4420,0,74
2020-11-25,Yolo,107,4527,0,74
2020-11-26,Yolo,39,4566,0,74
2020-11-27,Yolo,171,4737,1,75
2020-11-28,Yolo,2,4739,0,75
2020-11-29,Yolo,91,4830,1,76
2020-11-30,Yolo,64,4894,1,77
2020-12-01,Yolo,34,4928,0,77
2020-12-02,Yolo,125,5053,4,81
2020-12-03,Yolo,16,5069,0,81
2020-12-04,Yolo,225,5294,0,81
2020-12-05,Yolo,57,5351,0,81
2020-12-06,Yolo,114,5465,3,84
2020-12-07,Yolo,72,5537,0,84
2020-12-08,Yolo,23,5560,0,84
2020-12-09,Yolo,200,5760,5,89
2020-12-10,Yolo,136,5896,-1,88
2020-12-11,Yolo,110,6006,1,89
2020-12-12,Yolo,110,6116,0,89
2020-12-13,Yolo,149,6265,0,89
2020-12-14,Yolo,124,6389,0,89
2020-12-15,Yolo,142,6531,9,98
2020-12-16,Yolo,118,6649,0,98
2020-12-17,Yolo,151,6800,1,99
2020-12-18,Yolo,101,6901,5,104
2020-12-19,Yolo,124,7025,0,104
2020-12-20,Yolo,96,7121,0,104
2020-12-21,Yolo,145,7266,0,104
2020-12-22,Yolo,122,7388,4,108
